10.088384829722886 5.005613690037025 16
21.641553223245314 5.756543008081688 15
49.359873123992706 36.356560099119925 6
26.99281651596407 6.909834167002926 12
36.4934399163952 21.106700417192968 5
4.037346924292956 25.32717360490172 2
36.521011173466896 27.65215123002039 4
36.458904590900026 49.73214692553135 12
26.43145729411682 16.207360685502508 19
27.330565971281672 45.44011067849214 8
28.2993926456031 4.577302989544485 20
20.25460893281381 38.869532185295 12
36.759402708569276 47.11896194253202 17
18.682703383626603 0.3988564019049845 5
12.890194259798616 34.0745667713833 7
32.6241194841367 6.842675501933354 4
41.42182524858118 36.732737155222964 5
13.775870191239903 13.037480345869145 5
43.61084701151675 8.609600706956577 12
40.661540905760184 16.17574140433427 4
25.083806661229218 24.749384129275086 9
16.04503437486234 31.739612711869054 20
33.54463118701813 12.147959453099222 13
38.472239339033074 47.871078653200364 13
27.866289897604666 1.5995255253377971 11
11.578430009663082 1.6873895996495025 14
26.85431699088634 38.91876928498831 6
45.989119731609776 2.3337419124396854 9
36.13404113037979 49.787602698402985 14
0.3892376175371026 33.9162414024276 8
32.78253972100622 48.79748706969767 6
12.669681150204703 46.33202662716855 17
31.69642057769197 8.547633699112723 7
43.58218594153199 30.510423926003167 3
20.400564478768608 40.67593168235497 2
12.90277727141591 1.5022072191643643 20
7.934214669986794 8.599180687157792 13
11.710228615645152 27.43166529329415 7
45.74149249744749 1.5786978017313547 18
37.65416773321796 44.54281635190288 15
43.78690181178615 32.911232653870854 19
30.953907207304255 16.73769316212959 12
18.260880975809478 38.569150415056356 1
20.939523489655905 9.302145793994626 8
36.11831243362776 36.69021347989481 13
38.2097607850574 0.7394275318497345 7
30.732066090544723 24.716579695560863 13
8.087426481341609 33.936397518539586 13
49.97219720659143 41.364526361500864 7
12.634933390903647 35.05317081984906 6
45.42735389192862 0.1109455901416645 6
4.93726655694684 7.711126376052091 6
19.89655206226114 26.080505141177706 14
16.021576351850175 36.41498439920826 16
23.204864978777834 12.540330590773602 11
12.85045081840806 36.08449968878084 13
30.39604146549536 1.1656785383610646 17
47.36471865405251 10.149777092739138 9
36.550291872073544 38.065231370432585 2
48.26982618181331 20.724845139512826 3
47.60592721340657 13.912618053135578 1
1.465832998164096 33.936300430362756 13
47.41346967724236 17.48404039043826 16
26.19626128856258 27.79421945813705 16
28.90819765069273 40.309361214615755 1
30.35827739378322 10.512399043091314 14
3.3342481476086316 4.869677933048816 20
22.657819699077763 6.4357697900593145 16
15.782371106007359 22.011346690398682 5
24.43701691273507 47.78295488853759 9
24.562599264510375 35.472808601317105 8
38.76238802258737 18.038503424216145 17
13.190136996596703 40.657443380022585 20
4.809744770347201 44.71064997082075 17
6.982959488556206 3.1925182543289243 11
9.728208945792726 1.3488778805863744 16
3.8986621698995307 26.17715524529701 5
31.443670565804027 28.1560346988518 19
12.914491102453562 15.123336150030593 5
44.08718663003912 45.64182325103168 2
16.49172347160072 44.089924209072684 20
33.85778893159932 15.321979544076441 10
49.81231450293929 18.264598466639644 1
32.85741871388288 23.75260345822483 13
31.643445869516242 4.566436416566821 9
47.18268159266783 21.5969658156393 16
44.343348360348564 7.271263908301973 7
38.0980545372071 31.403473679342643 7
13.381812748203837 40.467699668128645 15
16.092519969820835 14.568637236915222 15
17.1795659683799 8.113472335475064 5
35.244670636899286 40.165426291187785 16
7.717436960674434 26.83425455773595 20
22.23715287788642 15.902486135882683 3
33.046868933779 8.158773657795187 12
33.12176231791602 49.94642440849298 4
18.942053736023677 37.943290296100585 10
16.663998311747758 38.10363146068904 1
9.46112076131792 32.479389869580125 6
8.487760591466554 27.888835280773737 16
47.92931126085601 3.967961562051725 17
44.768978752048966 44.82422124786385 4
2.549370891918307 37.21085641132688 13
23.1931047456852 33.15902916372288 5
2.8852648740112397 5.652119275627154 4
41.74656920286237 30.37563185843726 4
14.065587551086434 28.835598223138888 4
10.845232700328628 37.381577081845634 10
42.25862019730324 20.148037710077844 6
26.553088967728534 35.13324866698301 11
31.333560561605378 32.33977660853978 13
13.044665341381856 44.77197608992543 6
41.250691087687606 4.2836231035819905 17
40.835474394807115 38.3158081611922 15
43.453348763689206 32.93267221553713 3
16.600688366722867 21.216693817467423 10
22.93298386367986 2.8130781427123996 12
8.76783821713123 11.309020567462829 8
3.2590192279410566 45.79046955877952 15
21.710378341202475 18.03595339939622 8
6.053973481938401 6.699007078756142 8
30.846828053608583 15.723035730540147 16
43.01849318425027 29.486850639498712 16
45.06998080920597 49.29905707499601 9
38.684332108494594 0.9112919207583392 20
45.84194726504236 13.579410387467682 17
27.421693395499315 41.662098880912204 10
21.985664283482322 5.484088155831024 15
26.50826237450615 26.42273886556613 20
28.14010402059775 36.865847803262426 13
43.50657366954921 15.874969813305967 11
11.336956917683032 16.543548923653212 16
7.241624787313294 36.09645021620526 1
48.765045679514785 24.09182146419915 5
0.0699188873348855 28.099570367425002 1
42.618512786298524 38.25063477128349 4
2.748082697814774 45.370009285148875 7
38.29629684340609 33.76130090948862 8
36.59815645863818 44.74297604888605 12
47.77199528471142 49.3231816773959 17
30.980124577329537 49.22395883804532 14
10.490092408708025 35.986108347637504 20
36.84227400383684 28.448121252414836 15
36.89534441037915 20.74520668144013 7
3.1705173026426503 31.806302118791397 11
37.519830197307584 44.151407962612105 15
17.112546981743648 20.667471919641528 11
40.44831852101758 25.819327261335605 10
22.183342200279043 26.710744698376153 13
33.532387143127835 46.49113245442219 9
46.432763225111486 0.7136137090833494 15
37.6363233844848 20.158348392162672 5
45.96996753189939 8.944466887907392 7
47.555226457470354 8.540625357826448 7
3.8964859654719963 46.587607365355225 17
42.04753171885147 8.190768803377246 6
33.06823018377891 6.069942370527376 8
21.701145160424794 9.184619827653473 2
25.794159635243314 35.15040231393382 3
39.476292485897034 36.13435480537538 19
6.8670999806909325 28.147192377546094 12
18.31035654987051 4.790111398945235 16
6.280694281925747 28.673034865757906 17
10.158265980792791 11.188946576226593 20
28.504625873263915 30.152353006221215 4
7.017080269146264 41.990629208139225 4
37.45307658015392 9.424408875570744 5
8.89661309295779 34.392445633452475 9
39.62348687513737 16.23308553142261 15
49.35374398175355 16.801611910104512 4
37.72934827593827 19.81541477572849 2
9.430562832750693 21.76013808125072 8
40.1164357851801 46.309111426580394 19
6.195359426815278 3.2756024903485006 20
24.65951938068039 12.250577056264767 2
17.24345659150523 8.450960359775772 3
28.017194671959828 47.19132984362541 1
39.59240608351163 31.018240610332736 6
42.82028121547345 36.73062904097463 19
16.887296617075094 37.19974028101972 3
39.56335536746737 40.95813333068748 9
23.41090153278147 1.457089708923065 1
40.450330415759254 22.781563479851823 4
6.591255145820901 40.93053538373874 11
14.891287537966956 7.777448180764074 15
0.34587741233836344 16.23209450668518 5
20.705207738095183 1.3330512861581267 6
47.59503438235156 40.35884060399098 6
3.9127999623041365 43.23032787326067 17
43.18055229366632 43.49313483201938 18
32.08068824508538 6.933208892991749 14
41.0697854904442 16.979026471162502 18
17.978906625127195 29.543959412173056 3
4.645956025385434 5.617990047567894 16
49.48926303696781 35.88041960085771 7
1.385436502628612 42.85356714435668 11
13.215524835528974 29.495565314843837 15
45.42999398678211 37.47682086022402 2
15.576525730472396 22.28872047122204 8
43.80376516169202 36.84273352659104 16
0.742489666394186 40.98941780480689 13
49.54456043002808 40.00213178051712 11
10.718631354907393 48.54169844192293 12
14.681757167285852 8.136958694853668 9
9.98520098957587 48.508443291094615 4
17.624898901589965 18.8991200753855 10
40.578498041505476 35.53659021804573 20
41.38555383968881 43.25416960035655 1
33.35271289661211 45.320232519458926 3
41.16349935003025 46.3307106458878 14
3.9161723393469297 33.82992728406431 8
26.784624929501366 10.796550782030256 15
49.25912974696337 35.81359409085911 4
38.636843550781094 40.52529666429444 6
38.29644233196794 29.4170147211543 2
43.70162858028479 21.895052036701557 9
10.69020648919854 3.0439155152441777 3
0.84136040836707 2.4388058462088082 7
8.566888605271144 37.73356141840793 7
26.049160320648078 28.744202010569758 19
4.382164832332553 18.63506840389254 18
40.38519516239047 0.04107239980757349 20
16.720297059256346 15.490101238471254 18
39.599458957531965 29.03853964201825 1
28.696313654113077 17.702082570972255 11
48.14887616036728 41.33170573656636 12
41.03529270755035 15.019645006986849 5
17.605408667904683 36.16327643934584 20
45.45526274231008 20.0238861175159 14
11.672932215356917 21.532592017305596 15
14.695057948209117 0.21106421034957634 19
22.715339637520348 3.377388659078701 1
33.44197423895095 39.880223233585326 5
19.66971732067513 29.887575721463545 8
32.5453983798613 5.375599872251147 2
19.725399615384077 40.81793177238975 6
42.112406112362336 1.3150217646491602 11
31.504393897938055 25.93952499366963 17
40.57793854038123 29.79263039159082 2
20.759962310063308 25.645091747567605 2
41.870403598326064 9.998898334165606 15
36.396914416566766 28.395377545505813 7
1.7839898169150437 5.959095542752069 11
16.497563843764667 15.23753024425361 5
9.024918294095164 36.02842443253315 9
2.763241881596196 19.129330962038694 4
37.838633942920765 48.736958500989616 16
8.115354848048122 18.999654347221885 8
20.50127936963967 19.357451844489994 18
31.5917486110932 44.18260292073279 12
45.948471518608294 32.16632143290136 17
11.385949408942725 25.650692879995994 16
11.21232158383964 36.44234205716897 18
5.551952553274053 43.98567570940426 10
1.408688470400471 5.689486537576976 20
48.16653714986247 49.78912045369513 20
39.47177461523622 27.32443415228687 9
0.6600181630074975 39.42988267780559 5
2.2244220655693647 10.808322845138868 15
33.35306555521325 13.502730347034115 14
43.07272655364833 38.71442975847826 8
29.467237094885583 9.65998446093 4
34.71903012668909 13.40471747967466 12
41.557645907189055 2.906651048232095 9
34.85584672829305 17.958613218616016 7
45.833093427324265 11.630034536563278 7
9.400775166247305 18.922641173630627 18
49.19666023978495 33.23994545969576 12
45.183616649610386 1.3432055254643194 18
33.45236742635516 26.732644600317794 4
12.69700035621354 35.46002514697365 17
15.030200681266226 4.29090034172544 4
25.006205951946352 21.1095577754447 18
17.646091498236366 7.370158209467243 4
14.355732773117364 42.346322833829205 10
8.698468463882309 44.97522983493988 8
47.009846164450515 42.448747501638564 18
29.013196635893607 12.027291982504341 16
40.03665230897737 17.914837385147305 9
46.5467353640903 46.42025190934623 4
39.581065992454306 7.022851878248132 12
25.332235220697807 3.134914090466329 15
20.05244633847075 24.105867117230993 20
15.578676940544971 7.047994912940192 2
20.533567178982416 39.9988588192817 15
29.67231950816185 3.407104597569327 4
43.44478823017109 11.563221101417136 4
21.266664542954704 31.34733622762263 19
48.133317863681995 49.02115670636107 1
28.301702458053224 20.21332866929127 14
26.188413563287995 11.366564365898723 8
8.152741437199934 32.58930672272753 4
26.765027495195564 7.270756846648779 12
24.269875329272082 12.310381394655284 5
46.57006956569119 29.94192126393786 6
48.584166296443826 9.069128245417934 1
16.737323310158946 5.142726567901468 11
30.321044061905877 12.39385459653699 18
48.50359220933559 5.196341028887563 16
26.14951268405621 34.903982625271716 16
14.32296497193899 44.06561054894576 3
10.438745856780173 31.69458021413023 13
12.946467292387448 35.53240833433761 8
49.55587073724328 45.20410833518405 9
36.14994614673206 37.2405021268427 3
40.168618347082784 22.50801689884579 5
1.9121865449067743 4.842609330732245 9
49.40965837345816 16.73865812056747 15
0.8943089631451462 36.63003940928458 8
40.78182218703149 36.53627647535171 12
45.492348055510476 35.90483008891234 7
0.8709607250262819 48.24234717654891 19
26.922257731929804 20.024966371718 20
1.1005034838220962 42.730415196802774 4
15.71274847693671 21.703702264791524 3
41.76073414274909 2.5365779759038976 18
14.59123826169325 9.849624616585473 12
12.121166659986288 28.261833668819758 8
33.38435680901114 15.869168432152108 10
1.0368176046615774 23.041961444552967 13
10.690600857298072 36.26394752883788 15
0.543299376160794 43.26375462212691 6
28.593331944714123 33.98846272777249 2
4.591527346450714 38.38202955361421 8
43.23203944644747 24.81955299353917 10
28.289990049147352 18.727048015746874 18
15.675127128289128 32.724851656509486 16
49.369500549811605 30.836204255305134 2
12.188883919234872 37.052914579563144 8
4.910687409501629 5.277188510273906 20
27.980974723226996 29.498540177005573 20
21.68457338704048 32.52095447849925 13
0.7031644642382817 30.819969163261913 17
31.286752552542797 48.08491145028857 17
10.536640557174875 30.530775822508865 18
14.6950418773316 20.093252358893416 17
37.87182198848282 22.901397038493478 19
12.36901168735679 19.63279666897302 18
33.12419589890103 36.897274896864516 11
28.665532434235665 48.7094257979428 17
13.36021849968027 22.33382690819072 19
40.811586868407026 16.134581598639226 3
35.810816077784146 43.30127512696673 1
40.46991806791437 42.054926591081056 11
41.63637928249202 5.272815211577892 7
28.543765721147125 33.38878564723382 1
0.9040103517942266 37.43681626863519 4
25.841256479153724 45.343981318164985 16
37.03828462828646 13.717242277141912 17
15.069118806831689 46.0908253729734 7
47.248085865476455 20.06913297005481 15
45.38306015609138 15.340504918613906 1
37.9290028879948 28.811451336663534 20
47.061754614469805 38.72072409630123 4
17.086123188388164 4.558470157372985 13
22.818176173515738 40.69170294280114 9
31.236618726231058 34.24991255531514 8
35.48092960680436 27.558751019898104 15
23.32371110434076 23.78780472799602 3
46.46642755235408 49.86797465848713 18
2.6108617989571146 12.548875570360318 11
17.99869278707506 19.194644939264276 11
8.701097954501707 14.236554459987245 16
2.2157872246929946 25.214410686060823 11
46.23846645285672 37.891910456231756 11
3.7553150152265458 40.90128404984023 1
40.41912684173956 41.55287057993538 6
17.944415621068444 30.776227375336745 9
24.556171149696276 22.274819075228187 8
17.379194858198982 11.665821862785569 2
19.001719893953084 39.60229656802858 20
41.77202062185791 16.22132548148956 1
22.960660594450776 12.502260212675509 6
23.260673918833234 34.777737694953814 13
28.09840144803776 13.216631526013423 5
2.919668708179474 12.881308951641584 17
33.029419472265204 41.33381902464454 10
40.101375828771694 16.675720170743162 19
16.923653805812183 16.719339501644154 2
36.988991692636795 11.904028967845104 17
35.370777554006764 33.91377323036632 13
15.934656948833354 26.216405619520177 7
35.776983849345335 5.709448293379838 8
1.5058982447785085 36.65902448401556 11
7.484641596041469 35.7673485729783 19
24.622132085514618 24.69445930179632 6
22.335245558044527 8.598323925719958 12
47.68211829493428 14.776066634465812 11
31.312581253851707 11.450597417006147 1
2.9658667215264223 44.154510932552235 4
6.787825374576212 48.696245476073045 11
44.72690096638783 8.251097060505137 2
39.721929108273955 46.74812859394732 19
7.746193959767734 6.97747139300835 18
9.334165009650846 19.44705658358639 12
14.410654956207264 38.93502897154771 1
11.8623325929752 45.96697241440249 12
38.761212963470804 18.367179238182885 3
49.31540100823243 33.81064038177303 12
18.262837851313705 20.47173872132717 12
47.356965376372386 28.757850547252428 5
10.64000756893983 26.218488136492883 20
6.7464899044448465 41.14263560830808 4
15.935047932673513 29.1365934757833 20
4.803157082371778 8.274781464665232 9
23.398191952060433 22.332647511706856 13
20.929598197485088 4.870133220112816 5
12.972246429192014 39.552308313297665 11
22.380974058297753 4.045335342797435 12
13.403698380791923 33.12360173159183 5
20.70115691677134 10.346480905907606 6
29.108896277745423 49.63075317241356 14
32.94430367494039 29.331074171985584 8
38.26787993370503 18.27870090919751 1
22.054371017651718 48.44553616575574 19
40.43366200468499 4.736162662909033 2
49.799045319978916 14.46979441674603 7
21.543753520800358 43.55026808028666 20
11.463977174445544 30.724902057358637 16
42.05846598133688 24.68500234183319 14
49.13730897131291 46.47135637888526 2
15.498548066635209 8.367317491250525 11
6.092894265046677 31.14491270828119 6
28.761453504803935 19.497950832474608 5
12.774640700883477 47.69270789054445 15
39.433448303706705 15.68048092718004 12
25.401274023897045 10.952375945549703 19
41.67618827095886 24.558878949171447 5
13.562468888988894 18.690206861320824 10
31.169071209292003 47.96375100793212 8
45.515547322737326 11.033811365064167 20
19.34738350401487 43.010800798795685 19
40.09489735727298 9.97705488311637 5
45.06436027132285 19.509593607706982 16
18.05897760861982 43.70798275743144 16
30.637546523626387 39.98771352136156 1
37.22388803931333 19.811270630889616 14
17.248571034395088 39.877383464017875 10
47.855485416476675 13.013535513423562 20
12.055312020692355 42.101730950900006 7
34.63744192675179 24.829396144473208 15
1.8880321595198812 45.38685077116036 14
10.124672772976728 14.623354632477687 14
5.187305550689486 13.514706553177152 5
37.70411543895063 15.366423551135334 6
17.35517390412886 43.65613146757191 19
39.95763851671827 2.999489793460336 5
49.89920367844694 12.619194229981073 10
14.178093219445548 3.0540485974511364 19
47.23066681465433 18.55473410630651 14
13.028084983801785 35.672453267787816 18
26.231032470466285 13.033001814264505 4
48.04228229623661 46.87780125341839 2
1.4839888891128528 36.430308008250684 20
24.19532753329814 15.880886424340733 19
40.06338761333221 5.966120371688738 14
47.47960294321854 4.180915129405783 9
43.5238293440315 27.274772652922753 5
2.016615871062327 6.302591929761081 12
40.53571560538694 18.628828529426634 11
25.81757813411776 48.79896339752271 19
19.95088664407746 47.17120375965349 4
5.2518552608105065 27.691073042546655 7
16.13800810369253 27.746889145090968 5
2.0517229576874243 44.97438933067539 2
31.836151463707306 10.390555441489424 14
28.505460431668684 32.283896250970386 14
10.359319052991244 4.526147284763776 5
13.666327012943796 46.20807493376356 6
10.769189116708905 42.41220294858808 14
9.948948345135245 10.164493326621704 17
14.026326842106545 35.736519019036955 7
48.058033551874004 5.087128584097456 20
18.147891331764455 44.078111884985034 11
49.869808275710334 25.466806901049072 16
28.96139294357727 28.30727474807035 19
45.2728512365478 5.408938700488947 14
32.03938793445058 39.09747676456114 4
16.39136535325269 5.725438006788286 10
48.37852678924522 4.891894847353001 10
39.44660967981618 3.2450542214215004 13
24.008955862068 45.32193032080839 8
6.52255909070899 6.895845770683867 19
2.709365810331854 23.831124062504188 18
11.756431841967835 43.44839462917483 7
31.15924925195519 4.865161453349309 6
35.80400917506376 5.1006370966053876 15
10.093662121056457 32.46658089607753 9
39.29168637059347 9.530659319794383 15
33.454044222736236 30.13516597971052 19
20.19929377390709 21.50040725698657 13
8.357667599202717 36.250136269838066 18
24.509205337583893 39.90001985222637 20
45.199303085087 34.111138753324724 19
13.826121765152116 15.278817879432582 7
19.773520612993288 14.467480249448256 11
1.2207658441091396 40.75276443174253 14
46.372397143813664 37.59220466959922 19
39.728636899980195 27.419979419909474 1
37.45759913632599 2.6687720444093346 20
