6.015248217141494 6.632258987983399 1
18.00786682304793 7.63959319981393 14
5.468935190907369 14.72904146368229 11
0.8890269789821903 6.980875976925165 4
12.409896506361711 14.920159261131156 1
17.53825554701737 10.515202526807084 4
16.685431982999425 15.087458869913359 2
4.245062558660752 11.619191529135737 9
2.014307991907087 3.6135360779744996 5
11.092834508285911 4.627088231306129 20
18.276905158149695 8.002757609502273 2
10.441048522287048 9.760631896696633 3
17.434583936409854 2.6014103582229287 15
1.3271706173194064 4.565723072552719 4
3.1086022308473216 17.447391550629938 16
8.407280930329826 12.171221943531148 7
10.987996017476025 11.048481463663833 13
3.103430971583221 9.864426514743093 19
16.17591100019818 0.9645265157268601 10
7.726392385809884 9.596242258877076 15
11.927837542035425 16.05894124818699 11
15.449881649013648 17.38342844441 8
16.847935775542034 5.977516153567384 18
10.031603461109334 6.800180960404065 10
4.798674860998706 10.224680071226153 9
5.839945493341574 7.611933845619356 11
19.67698720706092 16.607251049232993 4
6.065648242724335 3.9019642921648323 8
8.172012559007012 10.678548539257893 11
4.2566376057811635 15.873203942898439 8
5.491518158132102 18.765286410532788 13
17.263315478887293 11.70576214063293 16
8.800027173704756 1.9348236895945536 6
12.775125074461037 16.162975359572528 9
5.298998059127314 7.804993002569196 7
0.49623945413173276 3.2567192296265746 2
8.318810824388878 6.662647708519149 14
16.086415606968902 7.596357023809492 9
18.489157031991653 13.223816000246664 19
11.808816345659299 18.14565257522608 2
3.0196498276899297 12.327955512138322 18
4.731771672395848 17.9921074002082 11
8.504422774872406 10.112872018199237 16
4.935328310409113 1.4935662253798254 5
12.405019282340351 4.9286298654233685 1
17.89992462352761 0.5547050299935297 9
6.031715680407896 10.521916303088023 13
9.335219831403748 12.318718428966378 6
0.7695760081913106 13.076958188464726 1
10.432762116113729 7.086167647186137 11
0.5221915173842961 13.558485191561338 15
14.408487455416756 4.643241950707089 13
1.1821497131737546 17.19355873021956 16
3.314221774774868 4.323304985593255 4
17.205938926685135 10.314378007459016 17
4.352181796543402 15.39259146332678 18
18.46656224129294 6.434313398194355 8
14.749953090749866 1.1874616620906098 9
17.935457838568666 17.74445693290822 20
11.707859610874635 16.04583400271618 4
9.180569317452107 0.4583432492663819 12
5.003060018265426 18.08329718907726 2
14.261616397927279 3.527790881948889 6
8.604687713005747 14.259905056658216 7
6.014376670897814 19.005893697135253 19
1.0240241966633734 4.600118700230606 19
15.37517709416811 13.372343742103453 12
16.244728156588295 9.096222938867287 20
5.643188100907186 10.491900642366687 12
19.592908044267222 1.3343691294211157 15
10.73433236981009 16.47137548520016 4
19.7447888781937 3.2889257875023614 14
4.338295540069299 5.022637355986969 12
12.530669026663514 5.078356341666037 1
10.39434221450928 17.824480672419977 3
18.83098492865126 8.410364189934537 4
11.514392469238024 14.214439901787067 15
15.804898898913223 14.943517163348151 15
16.723927352945772 2.932272908371647 6
8.168326298574124 11.227402829836715 2
6.884156379958388 5.568392616911115 5
1.6739630660158933 12.692699218785178 15
10.921527880303191 6.271452890918883 20
3.7701960742888074 13.319096981871617 2
16.666683438422744 8.889875521921164 17
8.167148252792408 11.076520314793104 2
14.387453376766821 18.546181512437148 18
4.120399991451642 1.1031837036396586 12
13.902244378706401 5.689776000988336 5
0.7357834567004273 12.492120459745085 7
8.963562144991089 0.06424785288649648 14
8.726762466204017 13.827096364886032 1
13.85561274983177 13.519617483504351 12
8.380776976126592 17.48798471175639 9
15.383324384924519 10.008163355908984 19
3.1036988979381186 1.825237322982347 7
13.289293951087558 19.4414421012045 13
5.569257338256499 19.783649622690515 17
14.305216186698575 4.729784364699512 19
11.35491952843936 15.63173048067274 8
4.10676602735724 3.2137252194880084 6
9.023535733152961 0.8734858152839253 8
7.9180750842917424 8.454986755571943 1
2.911014499461919 5.763918267203538 10
13.116316503958792 11.347306997185571 10
9.723845479223357 2.2571436484490492 12
1.7855724194429934 9.156101698242496 8
12.380406943223141 0.8859595350445515 4
7.163368263677013 9.221425631259219 7
6.205233378587261 14.811579897867805 1
1.3613422002904296 13.412040114808708 14
17.43028911957458 9.905945391118202 16
16.430484139617022 13.540799279313685 13
10.384295951243844 18.837881261259756 5
19.783769250566824 10.49716971141123 3
17.192213447809262 12.52068234651307 11
19.07242964694474 3.583800208580239 19
15.353907788457125 12.246891757880178 15
12.383631049526487 14.263628496122552 14
1.0204266246610416 5.007891651852978 10
10.764530493977558 16.886739383353376 14
18.59003093526461 11.801340133239673 16
1.3757727253103313 5.823932099508706 15
13.68193977389196 7.333405455384412 16
12.38643915502859 13.03970416012811 7
15.05047200935646 19.623172196520947 15
7.034673607717574 12.917135975469701 16
17.77033885734068 1.2872942175131041 19
4.183871982535685 2.708930966581251 17
5.721150734401785 1.6217504705808516 1
17.45317988971268 11.687942852058947 18
19.004829146837242 16.129531049030952 16
5.556646910503147 0.10376540208681728 14
7.039195940164415 8.744361407715308 2
0.9273743999985307 8.46461158550347 3
0.9331515384542666 7.50837571468969 20
4.197575616397435 5.347989639715749 1
3.4765469244331926 12.117110199804262 3
0.3790846841732254 19.00693955206282 15
15.24102300251476 19.589070701386824 7
4.782795405488065 4.378140256924407 18
13.16306874422881 1.229334593060123 15
9.771253665075065 3.0316465565548367 3
1.2343469075556746 13.1799916321139 2
17.941321738984527 12.741233293468689 13
15.35852965258722 5.282706586196964 1
9.887386599369393 15.999693264535921 4
11.113069824852293 1.6006267622525083 11
12.578347403172733 16.949922391206808 7
16.93837799640974 13.571130128645112 20
15.692117245704276 11.222754644570358 10
10.472759939424083 3.15808805604479 12
1.347301617443064 5.705361875062791 14
10.170840509871038 10.597548954639162 4
7.437210374667509 7.965175229386102 6
16.304566867535563 8.16960944844376 18
0.6206179507787835 5.438916523922092 19
19.53853677698086 18.758789049888534 8
15.0482249285167 1.105779549072956 2
0.4356801857724446 15.890210692186571 11
2.2411730334679425 14.701398285535692 3
5.694601126888383 9.332902738096923 4
8.466607516085157 5.296690206398333 19
12.010507133008643 14.594999355212657 4
17.86535399183604 10.888664591010821 12
7.236237961173321 15.767762253772379 12
1.0795162711541106 8.173576785821828 12
5.5962656241233315 17.94810056791971 5
9.787915697016587 4.410058439444466 3
8.483446590189082 10.678114244510757 3
3.2352866494615307 12.746702673804716 8
16.80191137690268 1.7758235762135954 17
15.232424702465364 7.578529873267799 12
4.304600426832669 11.849698061454125 7
19.256938765514505 10.106344089186338 15
19.35533433345706 17.88257154772431 12
19.494586865269273 12.156259315181577 11
14.372337454802807 13.94215506768771 20
12.376365199698547 17.44056653895123 1
16.26936091434981 8.480303697611467 4
6.312094537771184 8.442654814415134 8
2.654492087791882 17.767075206838772 13
19.07241558846923 14.143932843107315 10
14.210147532762583 13.886153350685525 7
15.840614468988585 1.3673022091294151 13
16.77104520909438 3.664170979461958 2
6.740760029579356 17.053138011110054 13
13.011522004461487 18.12018585916457 4
15.727975458664766 10.971398445704757 2
7.297340654258065 3.282776230226272 15
8.304907432140226 6.000981172077713 10
19.348327118494105 8.551415464108869 6
19.817274876177702 13.552345058015048 15
2.791416258994761 10.809886750912007 12
6.343583333781034 0.6005500154092425 5
13.923777991141655 6.5093270935131535 7
2.4458293188219105 18.346770299899887 12
12.303572304302342 1.876562043778418 15
17.45695794160316 19.504157982851147 20
4.609353097752075 9.099216234086365 3
4.746132802373754 4.095419378140783 20
3.9576857322586045 7.429367155926272 10
13.895826381413062 17.005347263560967 1
6.781126501748784 1.1874910212388423 6
8.214604270203193 14.665139118821873 14
18.407659016485574 17.908598287876067 5
13.200624653052383 9.51556518616153 18
13.414331025608853 6.283237042046672 12
0.4634378973165143 9.31004710289023 1
19.019797630234645 10.528161534411488 4
18.418757524903175 1.9899728014732432 5
16.999479156230855 11.500113690972375 10
11.451148150306805 0.11172829115037697 18
0.6317044158473251 4.340602148812467 6
11.90230506322592 9.241022167175485 6
9.05244025454997 0.22087432523347994 2
18.604138271370108 9.413170796752084 16
7.7684049707668485 16.770046897846107 15
6.760324778417203 12.195168665645857 4
15.204501475418091 11.508083145600448 2
8.950628263541516 17.604009580563734 9
8.488792065587191 15.262704907990654 2
0.6259433527143576 18.592201611777206 11
7.645184023068115 4.708331466637185 19
0.4616461001241512 12.551297388759364 7
19.49022480352123 15.57475214224683 7
13.83843215647034 15.708641155698604 18
10.74177812053279 3.6340895946220764 20
18.31142069486924 19.93230159589118 9
7.671069237147137 1.2563831532785974 12
16.41931495021554 2.98555564467202 14
16.166058560490985 9.796718490835252 4
5.28370505901772 7.147826371990533 12
17.962207621707474 15.367038160431637 12
16.358404304137977 15.182289542478994 9
0.1414706123419962 18.514833220479105 12
4.296545847128314 6.334791930420051 13
17.218238103719745 8.369972289113143 19
8.502273706300725 4.966974993797333 14
6.3647410446397235 0.3369699727062425 10
1.4922583422151603 6.035544862107525 3
4.1005768120137915 4.708448287258005 14
12.75170912226639 5.861825331993462 6
4.807968087349474 10.415138377861762 1
15.0388851957606 9.717854356941054 20
1.3276389245765219 6.1528411274516 15
14.49299041445304 3.9504150323364473 18
19.795092067177087 12.56685105679388 11
6.099591871480854 3.699364777481282 11
8.06862160069671 14.16411508557902 12
9.018662345677924 17.022291185652257 6
11.892988153383296 4.186129162320674 14
13.0465415061887 16.253440445261987 16
1.2336111579451337 17.854682176060134 16
6.859605852642526 0.979498225948352 16
7.297798043614721 12.64703056794167 3
19.96198655568032 16.631450317567666 18
5.66556552791986 17.580532028621903 20
8.727424270555666 6.8265493043403165 15
19.807325916216456 6.931058120545178 15
19.470783717354294 8.248062215208602 2
7.965790859114968 7.028417682289669 1
7.086740549557904 17.989343855228647 19
9.406876555817265 10.078142674667866 14
4.408980709983998 14.35469598456448 10
10.297326415761194 10.728659807847702 20
10.765610467719892 4.349106205273616 4
10.10956114603516 2.3599048777281384 2
5.247159647753339 6.7952516751051135 15
13.708881695461512 15.454576931800695 17
11.767024996601121 11.955923386138533 20
12.195228994861917 5.0059279027840216 9
12.269424756545739 10.647108244256573 8
5.874566757998632 4.931247223231838 7
18.830893708869148 14.78781018297875 8
19.867484385754356 5.415140810265107 12
3.768113094766816 11.429048734425606 11
2.9811343644315014 15.766133723324165 7
15.232837379805215 16.57723480667906 20
4.172023510160328 7.625051716971529 6
9.722429318653287 6.028505059358393 3
18.143297246670684 1.9095758746897307 10
4.3687771304006295 1.090652249641908 3
18.95009837302129 5.804787324638008 16
7.534811090736373 4.45041055629286 18
7.432573367819688 18.493790121188663 4
18.122023139381604 6.489805428307289 13
7.383265065888671 10.701742765215682 5
12.421257864696283 12.197724112102055 19
17.60437717805098 10.536267213587319 9
10.677764885033447 13.632501384123705 3
3.067623390776051 5.149452394951566 8
13.096047268140898 18.494493120302316 13
11.182486168822079 19.014922062643656 4
13.980739078112205 15.815968737472746 19
14.531378965082737 0.4998802802321123 7
10.86089846551786 8.213570419055046 14
13.302511934223396 11.783276282617106 18
4.881498233280408 19.5446781933783 11
8.300948818310207 6.1297992838293265 7
9.866551229641454 3.4519022153213785 19
11.73931379420411 10.419715425517273 16
15.772138681710468 7.284478708795518 1
6.810789370332548 6.947544732590298 5
10.644240420139507 1.0232648346888684 15
3.6181966656783926 16.53228618112361 10
12.73410238476865 3.044879162321885 19
1.4078466111449117 4.81864257590781 17
13.722312556213407 3.2337639421537956 2
2.4205845307638874 10.340585761122082 11
8.550814144267031 4.531529385292092 4
16.72485506698607 15.817303321149467 16
14.377452728799389 12.07602062499188 17
17.767661972211272 19.350860949315837 20
14.24799317018255 9.353747064342743 10
0.6055820496615261 10.769705396779859 4
13.177457722841995 13.437210311835027 18
14.382242753951129 17.3390313835694 4
12.27624010876073 7.42968843006903 19
15.268979844684388 15.820735441241512 6
6.80198726395163 9.550824198729103 13
16.576412370463444 12.5374318579364 18
16.400143655176606 7.45235680387686 11
11.346437466296702 8.92687368455906 15
8.327640677397861 14.813441899710735 19
6.326635991113432 8.571988862453448 7
3.1933432042925114 1.0176270867765824 7
0.8529423915527423 16.95119112749231 6
2.0883287732909483 10.386962624167811 4
13.729649055214724 16.956456218384446 7
10.566856250797903 0.4296703876898822 13
3.2115383623667726 8.418143967114684 11
10.265883320547353 4.506981622513823 15
1.1930523978508911 2.1957403718139856 17
2.1051749742189596 19.394050622271568 3
12.374961835037645 0.18882243972778268 6
5.088542690432931 9.156907287331215 17
18.255512114968194 2.923294351873067 10
16.7684192315365 11.291426511374148 8
6.441964846565953 15.246271957570093 16
3.3234081163010365 18.582770812249603 7
4.771742094574392 14.899765941583954 13
9.488331881040565 1.2090762837485602 6
12.182806550131215 0.38371254228749985 4
16.45638377183518 8.56757700948425 5
4.226480858358146 18.207307950494496 3
13.31378745932841 0.3939163054075978 15
7.5724068935421895 13.31537432570239 7
5.488030566177957 13.450243037161764 12
9.833435628903842 6.626668812955745 1
13.149672751447838 16.964299993978216 19
12.031236510060225 8.793392806573337 15
10.074147732179565 5.039579755925367 2
18.639360998329444 16.653678117938803 11
15.788150984271393 10.128334354845048 2
18.940375356522598 7.335490687602464 7
4.872374972147364 19.767044214725807 11
0.35270536313521283 14.222406015588492 2
1.7697613267690304 16.022266053299138 20
14.44432543310505 10.70460578673432 9
12.562087356982241 16.079675434056057 15
9.032957920210713 4.378239493948803 19
1.8738582389760094 10.034324608517009 6
13.845928776909432 16.13832314926934 19
3.6839844394891785 14.093383887332546 14
18.10573120469816 19.391423792665655 5
18.825038836681472 13.714723325265979 7
6.194659807201093 15.644912726920342 4
16.315511189140892 10.88240965916983 16
17.66970199637295 5.262215689805922 5
1.6739311980259486 15.183214575184508 20
10.10148871666378 4.442524482522163 15
3.948233946710591 17.46101004264026 20
9.912701711468877 17.293792570008115 14
10.891126867772435 0.027317167797118458 19
12.191308755848684 18.263982026619654 5
13.932585774394378 18.46837481386939 17
10.890762537498961 17.337153362734913 7
18.53039419034297 4.5265493717778105 16
16.26168200949326 18.56389806417695 14
19.476871431575105 13.638677573316947 15
0.8404365987610052 6.42418447156804 11
16.80536928223923 0.5697533972877156 16
15.253713588885446 11.137063918366689 20
15.376030862695007 18.89144105032965 10
11.464122315827925 3.567506257483053 1
9.508734660647404 13.975172447027376 7
8.924002690631816 11.797638133860563 10
0.14328117720378009 12.259620629399778 9
13.308778418791015 0.3058687737482524 1
18.017931203286707 17.68178402136584 2
2.987120313308005 1.094075590346948 9
6.220584471479524 1.4789175873289029 3
16.431794327512463 19.628705564729664 19
12.194468235153945 15.73845503332344 11
6.673095763387938 16.600312708220333 20
9.2697879707615 10.639037017317632 20
14.669281912961978 14.56594360430378 13
5.795616485973543 12.236098799993771 8
7.118834607363036 16.576347696979393 6
8.392778216338977 7.900407918202714 1
5.3608742187731 19.23211332713756 20
10.878103556268925 16.895442351534903 5
11.92237674967908 0.2397182169684764 13
16.374398618366996 5.154252536276058 1
0.7982092518115702 3.554839901612543 15
18.560732393744754 2.98094016815041 8
16.772714348597027 14.575875373908818 11
5.939688780078482 7.826422229673944 3
10.257163267814706 4.401831517817161 9
0.6711028285137832 7.316549506260612 10
19.568105026277365 15.895924801426624 9
4.667902544267328 6.141161223099612 17
16.260111479249886 5.846180211594807 13
9.70423580885283 13.997954290656692 14
3.94257411006806 12.98853027458722 7
5.483750531225439 7.430171914505632 17
8.84982923360105 8.819206610639856 20
18.456804868236244 8.202566833854787 18
8.891531653598317 6.841243370566373 7
12.279774766809746 6.197496939631655 19
15.076256261072498 16.647448676092278 1
0.6311356922630873 1.4260278164351603 8
18.6762755444589 8.454198934096542 11
10.049067898837375 1.8211572591471858 10
14.411207362338258 9.336521905839978 2
6.1905493650180325 13.112294755863312 16
7.419877740865644 9.480206687333705 18
4.530177411434186 12.719725973823868 15
11.332873588861947 19.218097217379 19
4.5343443271538675 0.6922117298144737 4
7.7216297890101355 19.317672016659348 12
2.8512891518348593 7.6757117296693185 5
8.29505311818636 4.620749658050503 12
9.225293670564753 13.155227371149273 4
19.93182401119568 19.07169302244913 9
11.950602550790002 14.640238688342379 10
0.722736561372519 3.9081066137369436 10
5.22748339739872 1.6218528835104729 4
19.04735841328417 9.741125665230634 11
17.42139565649702 6.1167164896872706 4
0.06755250743322172 4.417699480506272 18
17.636640051876284 3.5825144310324974 11
4.6252301797238005 3.8797336613554356 17
15.185283705435067 1.0939275732727638 13
5.132420553174468 7.7475247188486795 3
12.527172872072263 0.008259852122471933 19
19.023803594942972 2.64914098795904 18
0.015897682211081232 14.463958014177384 19
16.260268334243946 18.808236016056135 6
3.210063067689144 9.72761585410423 2
19.808400222096665 9.937151014172088 10
17.23380439797449 17.567479795015945 12
2.3962735832381754 4.202530955549499 8
3.0696113638515232 5.593636857849463 16
6.12123347027574 5.900563626386777 11
4.126690795275625 9.236632358763952 6
10.240822765613673 15.255672101744151 13
5.542670338053979 4.358501933248484 10
9.247154992596577 2.6479854731987063 14
7.535787440676467 8.178310800853508 7
17.864669206006916 1.0183599972019608 19
10.441689900214106 1.0042744365460687 16
11.53185067549323 0.9407053012450484 20
11.947731664246318 3.4832650464441772 1
11.939145066145135 17.85506370305327 3
16.362809543585445 5.4553153116074915 1
14.169236913209954 16.946418045705336 4
7.583284587693728 14.743560899900888 7
13.871835458454784 16.857186970618496 8
3.2841384215744718 12.05213896087016 13
6.281413856731164 9.038052936628258 5
16.2532352759391 1.9506191812903118 10
9.052458944915756 16.888513731354948 5
15.738101050808817 19.69541453342464 8
13.061379566830798 6.819076801666681 14
18.626690890281097 6.707609559373728 3
17.51483132888059 9.854778649589054 4
2.9445246065199315 13.291259893175587 9
17.636961508853485 16.056151376978093 8
3.2373478038853287 6.823106658953044 17
4.434313306610569 19.075233005777605 8
11.80013925513844 19.573394633102296 17
13.359355359511422 10.887450201615014 12
3.4823506168529694 9.375627114711037 7
16.42899832836099 10.926496890828366 10
18.78981340335041 2.4184785062069825 15
15.825650604771852 12.422247209578906 9
6.321528715786009 1.951674486054189 5
12.873522316632268 4.530404581873107 18
3.5977418808278205 9.19407146954092 17
14.937407893048722 2.5895798245052304 8
3.7353046531964296 12.005625371874869 11
6.990721490453515 9.621666268954323 11
11.298954089869262 6.461175841897333 10
12.70983523204584 17.752229135314824 16
18.365711661875906 12.798758196557543 19
7.0107805409134505 8.625232293332896 4
13.724788429724125 3.0667499501621287 19
7.338576436454876 17.768106645649283 1
1.5829520761515292 2.0633723822732453 10
8.521415946493596 5.819188927737158 11
9.54439849546108 15.274330376549605 8
5.463242784027676 19.909061189897763 11
8.274573652227964 17.241827000154746 2
1.6449263807916625 19.685808724028057 11
17.19778531339091 16.64050715186831 2
17.61485545574211 6.044196872598011 9
17.66562175916901 12.016255088095328 8
13.099540250895728 15.98819513950816 18
4.295390221988775 4.139924219046178 20
8.953165245261767 7.539874436993063 5
1.6152330136270865 14.904232164594786 13
16.88130547522619 13.581062753386002 10
12.721943390776433 8.688739140485271 7
12.58299542300814 0.3480353645688128 14
2.897908287451625 1.4697089725312984 5
4.624508549101829 2.5744868045187053 10
11.699735082130724 8.904367828736357 15
10.784455559706728 13.006012961534179 13
1.7128320946249431 16.988979817528346 8
16.40445485262022 18.0047320511018 14
10.942111309414873 6.544067197524361 8
0.8809545376627237 17.84914091541485 9
12.240753978701946 13.835495582891639 8
19.89805493199948 12.836576821195267 20
8.298510739696551 11.908446829534736 17
19.151356348708656 15.200333621368339 5
13.334134824621282 14.806020742861264 4
19.570849923191442 0.08101660585201564 19
2.3038154781462072 1.271687842768514 2
3.840313292702069 3.0774125780556427 11
8.139498461443818 18.240341455986858 3
7.383782206376221 1.7619465760611641 13
2.4516295657845277 6.51854545654023 3
19.901570535990235 5.880342617293128 2
16.039013547280486 3.3951701384197785 12
19.05845245014097 5.690794463689974 15
13.132847909032613 15.086613325709731 8
1.8699932281177256 8.303496414278918 16
11.797413672269272 10.32552129831581 18
13.890864182258147 18.176990028968678 1
14.294127060636928 18.93428995183357 4
0.348769945045857 3.074557812054306 11
11.414257295572996 1.7128317809552884 17
5.110850155909774 2.568391898253395 11
8.510904180796658 14.754403065232129 13
13.896054477128107 14.655477000003895 18
18.542406512489638 5.991515728167116 20
6.350978537620032 14.094420419205138 2
17.336852255034096 9.870528238965106 5
2.4455880612985426 0.6514272406872124 9
4.540442991207881 12.560409533816015 8
18.590532051353286 3.811815009153803 10
8.663529797595956 16.07411412053295 15
17.890019822249215 9.56476921134232 19
17.844830813765007 4.274870634647154 1
14.114357414242491 7.3228157671225365 6
6.150182006791008 4.347145264364578 18
8.702647520241785 8.173997184757837 11
4.262429793046807 5.864478213704391 5
1.182811905578569 18.656845398293612 5
13.080228726081558 10.617897079875405 4
14.4675093959118 2.381559185216535 13
17.215595684695618 19.258696230374433 10
0.6082061590419352 2.0486831949139916 20
14.538054258921989 10.183555567633007 1
16.127845530700277 3.2969461393405797 19
8.752005139626482 17.423478110248293 20
12.055271243886489 19.19150206166106 17
11.97043648262959 18.06226496628063 4
3.3379382072921016 11.01539435162142 16
3.1171238437425086 12.042254363572123 10
4.3451307890880075 5.195633509447301 15
9.706906661730553 16.123511481823282 8
5.395354760303066 13.57085594608866 18
8.73280613127352 9.123228833454162 15
4.383847951128141 10.865217807812007 4
8.36291244507837 4.011873472045007 12
16.274052207325003 13.026624419140973 19
4.8474640966029074 13.182140418904524 1
10.009656500686416 1.3676635951735072 14
7.138825088873551 14.372657269983248 11
8.713329152610962 0.9153863589398537 16
8.655713926659928 6.123254339876178 13
19.3479999316131 19.259713482615965 13
11.589119904386171 12.565979231158956 1
1.3763773699027038 0.8436906810856915 20
7.282496024643736 9.349279379252739 14
19.53851220040328 4.054411113425416 2
7.141302640542088 13.57295535556476 13
19.59995279576033 13.141526052075093 19
12.005118191625064 11.40505392154179 20
11.774453984236715 12.721816029224154 10
3.4274088794002 13.151160858966689 19
14.946398070323212 8.094215729458655 5
13.089034345022721 1.6146877245171432 10
8.702716872634388 15.005556558727859 20
0.05473442342468271 4.093214053428329 10
15.839089632488285 0.26546221283195726 20
13.508587258319288 6.149963155004762 14
14.834326021592169 7.2446639436777005 13
18.544239307319994 14.470637382315182 13
16.848685623740383 6.251360020330896 1
1.1729177984817185 12.459185496511441 14
2.2057346127362254 6.722306851699771 8
6.803344090894575 19.373234467008825 12
7.389167569114674 6.250340393111584 3
5.091483942052168 19.970332056558455 9
12.742350739491126 17.64594780681567 14
11.69525927247648 4.414691866783487 4
4.597543165229842 19.19896323518435 15
12.520145906569557 2.5876445766398293 10
18.61642288244258 18.932680230745003 2
0.1880662499354524 7.23572348556448 4
18.98362930040785 9.025445079396018 2
5.46983318828844 18.81468303311019 7
4.558131744484559 1.8330285111656175 9
9.811822394760764 6.102197381947945 12
18.811046120483795 10.86448091051797 3
15.490321534485217 2.518813819191399 9
1.7176429695945372 10.86644360303185 10
17.147263515264477 19.875513759118416 6
14.081789691657045 9.459778430279734 8
7.477979700807196 18.363062779739558 11
3.495398053419001 4.344489291067619 10
15.589244870336234 8.006684681600936 15
14.610081478258225 13.41540218432611 18
4.868314290830802 9.151607482046291 19
7.203324102831175 5.316255992049701 5
15.794388652980192 13.906802528378176 12
8.885947359465032 13.225789182712397 19
6.221603557720686 12.556219084671088 11
3.578216531433678 19.17745828849861 19
5.934514576718266 0.5229770303185499 15
17.77325330033472 2.40653662282007 14
13.417883619783563 16.918956732935957 16
15.346096915349426 0.7055021025193375 14
4.504115920603422 2.5579052555193216 16
8.927647186237294 12.966535220822546 12
13.963935665530967 8.282635781710933 18
6.1924984300717085 9.46220494077968 11
11.353644866743869 6.182259333583911 4
2.1279936973630464 1.5188036715664377 8
13.75368750461356 8.824644992994406 19
9.30697587701558 12.857178154982737 18
3.565288505214723 15.313154726557485 14
16.873779678502217 13.660696198189681 6
18.621799601365392 6.710741245352705 8
9.6170117545198 3.388037099962289 12
3.186926164568955 1.9378371464262512 5
6.641663577666941 0.7473580345611341 4
5.979320900427227 16.21114258086704 6
11.70596445607478 18.641641276207817 7
7.854950647383186 14.254607492234605 1
5.390062128408555 15.541289444049637 13
11.39130430104201 5.940178240795113 18
11.044187006642481 5.771974667218354 3
8.98027057900528 4.507985754215897 16
0.41452545501054594 16.148931982821136 4
0.4444052778630647 8.47394945365668 10
19.69465464937837 2.0593261445398703 4
16.99918885651156 9.372459772581259 10
14.702335765980267 8.569772728441361 12
5.1886948076921975 8.437157657469466 17
6.232249077764389 16.076962125670494 14
4.7642640327756425 12.572158005724567 15
5.7343982359922485 1.948859328545527 6
2.5839458780307 18.851240542715168 10
5.540022120786066 6.335985379145248 1
3.937289416113694 1.3090125585751489 11
10.598547011008225 0.8995519975524591 20
13.032627625196083 8.548913880681152 4
3.4087470556776878 13.690911934573059 7
4.63429519504388 6.2766380534957715 6
16.551274811833554 18.33237216657433 1
3.908827137222759 1.8945520706189023 2
17.691562313913 9.90313903861467 10
3.9304602897814833 7.12431977926014 14
3.1967936255434437 15.457938051305291 17
18.532805844303862 11.110429403429261 6
9.079774973490597 4.028525496130946 2
10.601555967976871 12.357738557264259 14
11.37529294380959 9.856427452327692 5
8.140092731969231 16.641869536659605 17
10.156764529949026 16.97810812328433 3
3.4469632170058717 16.423094247418234 6
6.322351834577528 12.428083741704747 20
8.229300215183228 16.52835172720249 12
12.81264701730015 8.448995152577917 14
5.806234211727144 8.101844103242716 19
8.33845026800984 14.080747058666326 8
14.478301623545523 1.7158295229481357 19
9.520700503356744 0.7151613123246148 11
15.545694199318287 18.18005055171598 11
19.666653645590955 12.677535521448284 19
15.219025745443114 5.652207547746975 19
17.36188022423106 10.603220324412115 2
16.546102027197172 14.030568196711574 6
17.77113233107088 14.878838098578665 3
1.894760123159236 11.425216673315004 2
6.068648910032932 5.122660858103005 17
12.165158978671203 0.6531749693892253 5
13.32876745370603 1.6841748990005723 5
14.131083603711796 11.85296993625119 20
18.1641219343918 7.025292825182856 7
15.744793259309773 4.579912345573787 19
18.732571764418125 17.428922922407615 17
4.461570361019054 19.00698356460546 15
17.505940073427276 9.155789256588903 12
4.999597689396915 2.2633372702570775 16
17.719260678304295 13.316892938519416 2
18.0077675585243 4.346143518656063 15
11.752136815484548 15.672210864871033 13
0.7815752268091924 15.71756035137468 17
4.946460356540738 11.583067829294638 1
15.542806108526007 1.7842065579681576 4
4.409357116087778 14.08616154973737 6
7.767483945440057 4.132887284698179 14
18.79193323836671 14.247898572964814 5
14.260880385720506 9.413718374660327 14
5.982267313155544 3.150880744421074 9
5.939301356810187 17.60284519150913 12
4.771292945062678 17.29538936070255 7
8.262160816366979 12.54051073142406 5
8.098237659790579 5.636489205333531 7
3.371660983511555 0.8335081216695328 11
17.9638227324945 12.094263862638492 2
5.805557547154536 16.49126492250516 5
12.924737027685742 0.9070258894132954 6
11.230848705949224 4.180338139755754 15
18.65585452671654 4.559283484364453 5
15.304832634479862 16.471662174871188 16
10.491115542578779 19.939662935241717 5
14.287674430123555 11.967121517658816 13
2.654843339623767 16.655386214223363 7
13.532125438643368 7.646663667410811 16
0.07576104675608208 8.065078038992468 18
2.482096293660494 9.263924516829443 11
9.672931262014895 1.0857088096248502 5
17.48540978171143 2.716562000701488 20
19.232245587218376 9.126041580315432 2
1.6741952594663623 11.762821923040123 1
1.6525339995512733 8.277083452485062 9
4.146362113266049 6.748697345610828 11
16.01163185806748 11.102541594522854 18
3.8453866885182286 7.829581771134659 3
9.69130508373481 16.690904947697057 15
3.94407466079866 3.940998200578827 10
12.17825435343518 3.337057991558696 16
15.120235323622024 7.860244570770503 6
0.5712108198750543 1.2395888682893985 4
9.900772809590148 1.9041708219236408 7
7.848532098723657 5.486261256816558 20
12.664580270763137 11.699387994092456 16
10.453868589475865 14.846870869983949 11
12.901533111583085 13.184661253922016 11
15.417907127650516 0.3923511907755506 2
13.20267287844677 0.6738234167218726 12
0.10891459467134768 11.3186617718505 6
4.884739930578517 14.763676214569049 6
10.16681906873166 11.921428086614705 6
16.336439590930688 13.748601740377515 15
2.7495412850757517 5.405929061557549 6
14.004100728591087 13.212308022683665 5
1.6677771910359662 8.985703061580674 12
13.000451327692153 2.877925961540404 12
14.046390242379381 0.8683998756691524 1
5.150886752689061 3.749815063930031 19
0.7388884482495461 5.197196450449148 12
17.795042929198743 2.115557585244896 13
5.407919484827 8.032175502328878 13
7.044444656159952 6.346274941137824 17
18.185877100225685 13.241480544730065 16
16.96271832578178 17.42979454945292 2
0.8810718772772685 17.309222651239835 12
19.35750244162075 3.1277724539355267 19
9.48048440852796 19.104092166400516 13
4.918588376760333 18.821606473246284 1
15.715732596828984 18.3792628001835 18
5.465792592360428 18.322302378451145 13
17.66657083840058 6.083833070549922 9
0.3761124202917032 18.522022062575342 12
2.182600433219486 7.338462722916114 11
16.468780267045982 14.139533019689841 11
14.077233363785574 12.019357565480611 17
4.751426317310809 0.36258824359839403 6
6.298354224968925 10.417236499048308 7
12.44579810863944 6.878452039452522 13
6.891964503664248 10.824977513962846 11
6.610322544590794 8.713485807860815 10
16.374173348165677 12.943712701769385 4
19.396400791218404 16.898657692290726 11
16.730317839892393 18.22911349922595 5
17.855676850642396 10.777707917659749 18
16.901468796026773 5.120674552433955 6
2.366290728521001 6.506154023031412 1
6.816288010437197 18.832859099000107 5
7.19394139662195 2.0426324900652015 8
7.74625564577055 4.617278615308509 2
0.11547857547176132 16.511554024430712 18
11.332100314288136 13.606448213540688 11
18.39204863173422 18.80849547797531 20
0.03572031169611467 11.550443826300818 8
9.212667895385797 13.417314130882147 16
5.838291924709451 2.5349209287323893 1
4.353831444336249 8.45380541079061 3
16.047033383369424 13.539752112452295 3
6.755751489920668 14.10360219069138 14
2.3012007940862067 4.246957317361602 6
15.663589267904193 18.898942053393743 18
7.366263994619782 1.5659310706571472 8
13.14786314055014 15.645944463271544 9
15.525764963335556 14.288294493487514 17
3.8559206239460697 15.917637471693604 3
4.222070113007597 16.29144771443467 20
14.042586355676136 13.932344145707237 16
4.758897434285481 11.807514480623558 1
11.753852493409083 6.116926023946472 6
18.064227582612794 0.35747565838263107 15
15.61266165215947 14.122260900654739 17
19.960061512202415 12.189856889897825 8
8.041727057547279 2.786917179161228 12
15.208500294738014 10.161312596217547 6
9.911200564289576 4.160668477246947 12
9.438128881065664 11.910997542318798 9
3.512805214319743 19.176131338411622 16
5.282228885102431 0.810209523336185 20
13.098564703330158 0.6423477521595267 12
16.516907894591316 18.432038200344437 14
16.474269172158444 11.430849415566716 16
15.601487029124693 4.031009952071971 2
7.39924093921196 17.776692101332007 12
10.54772102784632 6.784726057491568 5
6.577145330599324 2.426015843294065 12
1.8263350830067338 18.17495381102733 13
19.53481034994565 17.189931469216845 19
2.830743765811643 7.79351122758529 10
18.624949299110025 5.064968222028838 6
11.281724431602987 2.2186453929378547 16
1.853857683296185 17.28174853644219 9
15.738721704925943 3.366133485448304 7
11.071086454685197 10.959447541045817 6
9.692868396830168 2.61391482848484 16
11.16115476700999 18.567011409962838 20
13.537600413314577 15.261183973813125 2
4.204006517589969 1.3092715598403304 11
7.577230408450564 7.941504213647137 17
8.065238004303225 11.821329881975224 11
2.8735304116870175 5.2443180438927754 6
11.654841776012809 19.53025055674782 15
15.508770617138696 1.9975783815700976 12
16.46130392160285 16.51074288633151 20
4.481600007114002 12.78604233409406 13
6.4075899327979275 11.602555441991388 20
8.890979666519456 2.1700156327893927 13
5.849320639981621 8.838355923102213 11
7.721663036333963 2.1261569639726408 5
9.949842018509596 8.834826823542759 7
14.824645097964066 14.089292751605031 12
2.5636371649830614 16.60157361254356 17
3.647064355753813 12.947645866411882 15
4.443340781847098 11.13435170175877 16
12.68491803066808 3.5973840864146944 2
19.66016659460729 10.586656371745555 10
10.007707937721367 15.88377341945317 16
5.529983405268231 0.7906833127190405 9
9.560471332421642 16.396410993693472 16
15.114095580850464 11.594797600830972 11
13.10197974547483 9.519005182849194 18
5.511431041635351 0.7620189898248309 3
1.753049377833753 3.760819020254853 9
12.828029817488426 12.899956750299559 18
16.925966169667692 10.86603677349694 8
4.8658507337244705 1.7654238675383938 12
0.2629521757624609 6.165078938331135 16
1.202163419865394 13.40182138896013 12
16.134788209417938 11.918100265085705 4
6.119239351985987 7.661099878586535 14
13.249330648198354 9.748011003323732 11
14.415473617629576 11.355568310574668 6
4.994295520670176 6.87614662875363 11
12.375961241883537 3.4356237316045246 14
14.848896172978938 6.670567958567492 11
16.910098604094845 10.85616794456844 14
2.8591409986030536 17.508822095333944 10
7.662793129004742 0.5023875753264995 17
15.31528717863478 4.424229309826853 1
13.20630117727478 0.17828238164913524 10
12.324420930847484 0.0123077413982986 2
19.750423222777123 19.472770428742315 17
6.6287488284626095 17.47109612087762 3
10.308511074186795 17.53622038419001 19
16.698006880319756 0.433440502888347 5
1.1862846905800595 1.3794441452260586 18
6.679213028587236 1.5263144364072567 19
14.652335087739736 19.121118954533816 12
15.70729220297481 11.613749549706345 8
11.878648103191306 8.749680451401984 11
8.555845133413605 7.949873758397709 13
9.25657938063534 2.3353078256043225 1
8.837283590518103 13.576579408897075 12
1.4823145404966298 18.784306546252495 17
7.89793892295118 7.575699404053209 18
12.488025277940782 3.5918792204479977 13
6.903223537357577 0.6674191441412147 20
3.172857069084336 3.5812569842406594 15
5.815007532240422 12.316342664213524 11
15.546659722690741 13.053619727671492 12
18.919723059733048 9.88171920726038 15
15.730180059621278 5.35729890602828 7
0.14145394757698826 4.937488378563685 17
19.867637174650817 4.117263105944549 13
16.963623360980094 3.405400370027769 14
15.743581325732887 12.299145607400026 12
12.330654480780844 3.560279843043046 14
5.918276637085631 16.30327903639101 9
6.89189503164825 12.144225733356839 13
12.016656786359155 14.025703785251007 19
8.383298623474943 15.53155180864608 4
7.5525349282343 4.103452121612097 7
9.810496964782923 17.913698067776526 11
10.155110840218445 11.135225705549527 8
19.50290180609196 15.074700968465613 16
19.16382063174521 15.23681329333688 5
2.996869792553871 5.427180047770317 11
2.574533638132135 19.972492131446 2
19.525198574314405 13.65979903568789 17
7.507720167336203 7.5080393947029105 2
5.13752005515927 7.37500676961745 10
17.013646273354365 18.426012339031562 14
10.444770763007583 19.150842937774968 16
14.881576046990032 4.969936462966899 14
5.8720319879953875 16.641466088235973 19
11.838376295932843 19.781049100490687 11
14.538457594820926 12.094908924260437 5
6.899687991719478 11.527487108238839 5
10.355652999903771 4.096846626274617 3
9.149234911792412 5.027139055222907 6
7.188480934377484 10.25404553170854 16
18.55268129388479 0.8125129320741165 18
18.497824609225944 3.675747210404532 14
12.669150710256282 5.364692063523117 19
7.010408342030672 13.216768151440753 11
17.20625688564806 1.9764963750446252 7
1.7983643030979968 7.648263132849471 13
14.2543736961622 5.751531905808836 5
17.01741286482492 1.982683292950267 18
4.189142091488549 16.68324965079622 17
8.242435577710632 12.947939211431244 14
15.076588486649205 0.3883633426927813 9
16.888894898483585 0.04583916844101754 10
5.524940755695267 17.649773264892435 2
8.37766092451395 18.908700179615508 2
12.393842196814406 3.9443991493563257 1
2.8986425826116125 4.026347969047319 17
12.851261555472727 18.116983981014574 11
2.1623073668274873 12.84589264421674 11
1.675498131862041 3.588049736538297 18
15.931320523532634 14.093208832418902 17
12.216381222421457 1.8734689700650287 19
10.26589948410691 10.180879044009174 11
17.951768975143494 10.297420230781846 15
2.1874866733164167 0.0032813328138359132 14
17.47469217788044 6.892693459337346 10
10.90178888144122 1.1527928540068788 2
7.433578101185148 19.523785278026498 8
7.177686768651508 16.63814767478679 2
15.046637703729616 10.962395957159156 8
11.44879195448911 6.3380426301761705 3
1.0941746978237754 17.665257891123403 11
9.997102378360479 12.563282056036636 13
9.952065995693367 7.180739735207775 2
15.436573793285502 8.967145099211296 18
6.826799830278443 8.264341107330932 2
8.882687974143437 17.843002886649856 20
3.450282567217311 9.332086116772267 15
4.78802388238754 11.618122998228465 1
13.523460265698855 4.398225959093843 18
1.5220512816786513 17.619908432400084 3
12.148206409534234 8.334300515677239 15
4.807959032703146 15.623386304729562 10
19.795464219758326 13.426745625388941 4
0.09249023991718675 15.874580090689792 2
0.3150808649634995 3.114163382784081 2
15.771466003177487 9.57471775029086 7
8.679342291785975 15.93803001644725 2
4.090853656042659 11.198150664162512 1
4.173069741753097 1.3442738292991252 5
10.760171082606114 0.092019766444289 13
15.605418032089135 19.120177438164202 18
16.135574975715066 15.696504819352189 16
13.88665461904547 0.18557782634714304 15
10.455339908655755 5.421038833606953 1
15.349061169575364 8.78686185248859 6
9.714796075444724 3.961434822408192 7
9.28789705494789 6.485331324304013 13
16.943417060017577 16.44279564726516 13
3.639180717601891 18.20860186360434 18
14.796946111765429 6.232482668282666 14
