11.036542991866284 18.21456978524353 17
16.48878799682659 18.745542136895537 14
16.77399348305795 14.66864318965223 12
18.54044715125477 0.1841255690142085 18
9.625651135546159 14.578658549507491 19
8.832587545297187 9.920762830334711 16
10.113311783274384 4.8848445753764835 12
4.595447900961133 4.9556969564931475 9
8.617263799474575 5.555799347436352 5
0.49196231991668116 2.7052418309598747 16
4.089485341652299 19.480617426770184 16
17.941322468743294 9.999641635226766 20
13.162906102990302 9.433802346963144 2
0.35243000052868734 14.451974722335507 4
13.743760860565207 4.563413199067177 3
10.782645678741636 3.028215978158695 19
13.189788706622842 14.483834321434292 10
15.709501478911392 2.8347041659974437 7
5.190230753182727 12.281092540778271 19
9.185019179216065 5.609877578514975 9
4.529270760289967 14.224273773557858 7
4.9072505288028285 13.552823966715469 17
15.58944078324965 17.35418800637023 19
7.200906905900386 5.282451795823433 8
17.012145193051307 14.896763863895464 17
12.069325105810753 1.5032850940654363 9
10.783999411602421 4.337745164390845 12
7.576659831372343 8.805156581878148 12
8.555456952551946 18.102208342280257 9
5.593110850462535 5.813095695781887 11
11.542059226412844 0.07364462817598394 1
7.307571577682761 2.4889706634846043 12
17.704746960983137 9.968991247271413 16
14.06575491518593 11.109354465544936 5
3.15966427596295 7.8977579758621825 8
16.7985254684131 19.87801190626971 5
17.66015021609545 15.672142640686914 7
6.0478735380185 9.300429909981657 9
4.525230870030765 1.23007677783054 5
16.029984538065925 11.97961022740516 11
16.67815533114789 13.185338462744367 7
9.666423218934629 12.661748304644016 9
4.051907354849766 7.886733175721639 2
18.761595552349007 1.2230350643724885 3
9.273963992543665 16.230090738414166 11
19.526481631639115 16.78836124276549 15
10.092132832557038 17.62341107928075 15
13.566943469697804 19.014299438345773 2
2.611269675121475 16.013769838334095 16
15.075620721796103 17.133677141807247 2
1.369278809096397 0.5706669289977784 1
17.84255304116426 19.741389203777842 3
7.237858928035803 4.328165422410568 18
1.4136394230821692 3.9963635488836013 10
6.166092757788224 4.4428890881110465 16
12.753628816987783 15.20344782435359 12
19.423413966006766 19.95984628435914 2
1.2328038872644043 17.229016072805507 15
6.336901026550034 10.744468327854717 2
0.8637462421685216 10.315197410549587 6
11.016806225705544 4.824420286450691 18
19.97759499450901 10.020310020290903 2
4.409291512138161 0.21831916651157135 2
18.018889303294976 9.056272937439473 8
17.848314266326277 1.913406696115163 11
13.575194259369738 8.594164497828237 19
8.870941662750568 11.39872882366151 8
1.3393886785942954 14.684708621459986 16
7.840664485324449 3.6061068309053423 10
17.28191762218009 12.075852343715084 1
4.2437290869914275 17.150915894622333 8
9.341125042273525 1.785186653684414 13
6.447216107427192 1.361500247840266 1
14.284920299962963 9.021593132508773 16
0.9918597750155711 11.282401781801854 9
4.046358044882259 18.08096954238978 18
5.0675817209985645 10.257872505251433 4
19.83847043037234 19.31067412750622 17
17.587859768421524 19.23244015325277 12
12.852043452726331 5.304772384738097 9
8.593404359502754 8.967292965754886 14
14.11559611297166 8.357901759997606 4
18.004641555107323 18.30082994164072 18
10.613456650016367 11.114031763815435 19
8.37968987381658 14.092828756878504 1
6.356200305131945 7.999675551559284 17
14.267606481948981 0.7061199392917361 11
13.586657456298887 18.318590225646535 1
0.2599046003825678 7.32840764552618 3
4.136875546868419 0.8427857184466636 20
11.74141003535916 3.7146185855005687 18
10.856165182459169 8.377810090460258 4
13.873835047300599 9.865915607713486 5
17.643005911359822 12.03175425638365 12
19.10553308965661 11.72128684497065 11
0.15352264057799436 5.3223440365041945 17
11.493079147769533 15.040207084509165 13
12.138447385201808 11.277018464975137 16
4.061624888022202 7.3509602968857095 19
7.250239090488295 10.925747518360202 17
5.902390616277769 8.719536207100331 9
5.6761261060768575 12.075776173738928 2
0.09151410346136313 5.355965106124567 17
12.99534136690399 7.870156615206499 7
19.879862018757652 14.36554775498246 13
11.41719965221929 10.509187230025574 1
13.583816241270776 6.500164791452461 8
7.260347237560419 6.614201017013213 19
12.385061690476924 14.186661546542034 8
8.826234775310727 8.184271081817847 9
5.6507610674128355 16.835006041436472 1
17.29576755392423 1.7985524013062415 4
4.738997896252879 17.161432317960163 19
6.4761068269235045 3.287302030740007 14
15.351226645473162 17.639640026301773 2
1.8723812928372285 17.43300689026831 4
17.091912002758132 2.185384326658091 13
9.69028374346108 3.4869051456525235 16
18.71831596264737 10.644817467067668 7
6.180393148955126 13.671287535093162 8
3.3948428012389065 10.065109519676065 10
5.361387745159849 17.180080024884926 17
15.192077405826565 19.98988700727192 12
1.6221758306593803 16.59332095028661 9
7.481384159339209 11.85413087648586 14
13.548416160119723 6.929854913352422 1
12.527568483207638 9.568477823407061 1
4.876872610007952 16.816752203016275 10
19.881107013462433 2.257784689351605 9
8.663986929141078 5.053141089540507 4
14.03056527928818 11.525861528054225 7
10.692632937641111 7.477883089518446 7
3.0457584335788357 9.145013849376912 18
7.52676691843166 15.68207012440981 17
3.628084289853639 16.884059326767865 15
4.202019598230535 14.618991724099185 11
17.24358554748584 3.1437156496600216 1
13.939550625462363 5.991514986137481 14
16.867650129018546 0.9198275494871 18
1.473880835563126 16.01466186283803 6
18.54536977653504 14.734337066102302 15
15.84253442331628 13.793048370713208 15
0.25202056661752126 2.238683830226482 9
4.2933715704261255 11.715195236607887 7
18.355580856237566 1.7752662451295076 4
18.738619298326107 17.93320353994184 7
18.904386060273012 0.2970597321035573 12
16.070491750256096 4.396911943904762 1
7.809021900530102 0.7580445912214673 4
2.7514023619425143 1.5147558519150461 12
4.318510438205161 12.43969216732901 6
13.854848996920184 13.714916000921091 3
17.091393270317997 13.746276410900515 11
14.336339576654796 13.025916365511602 11
18.947178955080993 10.96861507967181 4
18.101192815158473 17.77523103948727 7
18.370142639584635 8.19032086809912 5
11.945250461288538 1.5404051158668164 8
4.4568524200672925 18.73109515181635 14
5.779542388001158 0.9917585241393523 2
7.85614973182831 5.608106700047475 1
15.979620576279377 2.039639801718671 4
11.271000358503176 5.705385959768703 1
19.24869766583199 18.867503933987837 20
11.243370885310329 2.8632453811292136 4
15.725307441163492 1.818162735229909 2
19.364117444810887 4.10229537596136 8
16.267696288418335 0.002208660899178927 4
13.173161854737598 4.357533719552695 7
18.078347361050714 17.13430708223866 18
6.786096498993668 18.320410452560797 20
0.20949414892555973 7.777966019370536 19
9.671308311255855 18.726189185246515 5
0.14452430866151111 16.02873090047947 13
7.94729187759769 18.961724360334387 16
15.320418665881213 13.275460440592028 18
10.82490023751162 0.8925779784823296 11
3.7773950214772123 0.343521597198162 11
3.5564597124022423 13.080902880622238 11
18.227177321168703 13.505855846162426 11
3.6558026366156327 15.321218458892233 8
16.396616753227576 2.178979126455638 19
11.229630995077947 12.573464303664 8
14.844811969010824 5.992691071033624 6
11.752937778969093 7.241155255220162 17
6.728805151728832 11.818174929781183 15
19.06066599233752 6.97539107287779 8
7.308017712182185 7.238069802519469 2
6.5235365205422635 16.65835882540688 4
7.495168426456164 5.027398849529037 1
1.695888190054362 18.930971067544007 5
8.796473735214681 5.519202182453826 10
16.855094592758807 10.7166628654627 20
2.788689575132295 11.742177176448985 3
10.641873515329427 11.91342458962662 5
11.240110532057589 6.728361053571232 4
1.5228674988433033 2.8095447653233663 19
16.560971762985826 16.63757901901818 12
2.6794374377334873 10.561489384523302 9
4.887761130925831 17.315676143472313 1
5.891755851239986 6.983341901810817 13
9.867582518976514 5.108030578846783 1
11.904441980685991 2.90108490961273 8
6.082107408543935 19.717607244831495 5
4.949343252894516 3.0348522306859627 3
17.274592953397686 2.146700248062592 11
16.263720037675135 1.7098752863580446 8
13.340908538743598 5.882859253925064 2
5.514787437808788 0.5365018312242098 3
6.145833024262823 13.24219946831308 14
17.76030382798213 2.7117533457961307 20
13.796221096530047 12.837084101640759 20
16.590432288628016 8.995053672464566 10
11.410164456961102 2.0474535057764176 15
13.8774648120409 17.057000015120156 4
19.910742258611023 2.0993373253008096 15
5.308346028102237 7.813288063267274 5
11.363457204112157 3.828111758517778 6
10.346422631761186 18.403256251362112 8
17.777628182636327 7.331015512028078 10
15.889988163091193 9.83371852509979 17
11.948801583261147 6.840330403648311 10
8.600509122702075 11.099781021431433 19
0.3968809965334241 19.868632916498957 1
3.8682408216724418 13.882595461415189 8
5.712733067041356 10.147114988590971 8
18.12408179393209 19.62414643401741 3
11.801861454683177 4.4756106959020325 3
5.27008662593447 1.9548950463521364 13
13.296072290969443 7.540496271819626 4
8.941041691126472 0.2888201578223648 6
7.162902727291858 4.720475258242869 10
7.042512326332813 15.566582255191324 5
13.061422928755789 4.25687856881086 6
3.0623397717875656 5.474268598330452 1
3.1081109137782237 16.373093967524145 3
12.60604104963598 10.195058812897564 8
8.487299223513201 14.911385065232793 15
12.860783120739267 1.1451237921893687 12
2.119364653028881 5.547070289819274 19
1.3274215054865368 12.859190180704951 12
3.7850012014159073 3.6970885200157655 1
8.683409560275484 6.8288356949040585 11
2.273310375853377 3.159019037959687 11
19.899485752037233 10.622214956929081 4
16.76064097053294 2.7047332143007297 14
12.520553199356037 17.674921258532304 5
0.8480753508539962 6.110231097366303 7
4.993988111820724 5.719940131607246 1
10.381710566937418 10.642665293997018 4
12.44489460321726 12.795961501172844 7
3.6987283386990266 11.424688690367095 14
0.48889042895629675 9.031259380424217 13
8.850479350757574 9.207227645619533 11
14.544633293805045 19.471242058654536 15
9.665754450657893 5.420793155566028 14
12.775428175321382 15.59664662462027 3
1.671750895672106 17.417229575578222 13
13.895181625023978 17.255310671551054 14
3.771060309314589 19.509223670134443 16
0.849337624813522 10.042271931972834 10
5.883639242336525 14.47649653180491 1
18.919981290369993 1.1264443176342098 6
11.026829969087137 6.478275716775965 20
5.033802450333997 14.35339975784097 7
6.639502716404748 16.08107948835238 11
3.5476340398723605 17.363686077979192 9
2.958473377877213 5.46592581620456 17
15.572391984849078 13.22259169637409 13
18.258037517921835 16.90675528689821 14
16.69161564998451 8.813153714975908 14
1.7693210896297318 0.16021225022282426 10
0.11252555697944366 11.64241609599931 5
3.6173085708205344 7.5497970240816015 7
8.48467631476755 19.965145546978622 20
16.9421538009423 19.508177495038602 6
0.3450099968054565 0.6490691906793233 5
5.537937027089576 5.389580543178917 20
19.42448562506701 3.9686127121936643 3
0.4472075850397683 4.372877707748167 17
13.368421646636008 13.355148185150224 17
1.2594558176494974 10.64176981493246 8
12.20734619189994 1.4356005856807164 16
9.587506287340211 17.64775498704976 19
14.261284315192258 12.569343085048532 15
11.280388173059634 9.262282436745854 19
16.14724831399426 10.885360383581933 18
0.9578713169622399 12.942354355918669 2
1.125102404565812 12.071020739699874 14
18.603308186642163 9.600725502781202 1
6.449793875877646 8.74160583060791 19
4.14409994910921 15.671046896937579 19
16.47244857110791 11.427661047172037 9
17.4870970277165 8.151651044026831 10
3.8125404257044737 19.750283514063035 6
19.983876561031128 10.98431277558812 12
13.502995827262072 13.377109936383626 13
18.670991352579097 9.124382942090914 4
7.671830326086553 6.0150522083131435 9
4.58590703331584 7.611336794185584 6
6.43887799456099 4.38976086818532 2
7.30736440437253 18.81515866713998 1
4.746548842424896 7.4416879804443825 6
9.784611587868959 14.795903793223006 4
14.234179339337574 15.516835465763752 16
10.434280539002796 9.38011208946526 1
3.211378135221994 10.517405000076419 15
4.137976720916081 9.983624388674386 14
5.972613081093597 10.095748314494015 15
3.2858501367660886 3.7747450153030515 16
19.95104015942847 2.617530731180633 19
18.094149515609615 2.166824523188511 14
15.264470501738106 5.9932897464379264 10
10.554323512528107 1.4164857150395593 15
8.488209797918413 14.91359052266432 13
3.803120276402805 7.011865822788925 3
18.10704916997423 5.225659860438614 8
6.299581391356146 16.159497223092675 8
10.084832371290682 1.073103538103577 10
0.15307795512050637 17.49661133788419 20
8.513371626975953 11.878466765233199 13
10.5316025846407 10.946491516369303 20
1.3409822865297572 15.179847644991131 7
1.2839680451744595 8.290323126211646 20
11.604573091562784 11.555099153635009 2
17.703898311215887 6.361966071566476 13
13.153846860531823 9.824165632781947 10
7.4615957545062495 14.23410490982209 9
17.409031509109518 0.07207100040917513 10
4.965030130258741 13.158732697147478 8
11.181019542098024 1.9103148569357575 7
12.809436464559546 4.68244425168505 14
16.492747681891082 17.91142195576696 17
2.608052666616212 1.948619456056584 6
7.759570114177407 16.540094993823796 7
8.796319210729992 18.417135171776124 16
3.9326019932058975 1.3192372475874747 5
15.369241947644944 12.305025425676924 2
8.493582796345528 17.247070713588613 17
11.212849294709663 5.404574505921653 20
17.513397138900096 18.50762329570811 13
14.207844027031243 11.012752255269396 13
13.309773932934231 14.4604123706881 3
14.90376719709122 16.660043611647435 16
1.3516554427944794 6.718577350226134 3
19.121477814518798 13.989834230687823 13
3.596839056687018 17.989604996446214 10
11.704209869737209 1.1459802869105684 10
10.40599497424777 9.525957434160631 14
12.658724586338003 0.8275496821505479 7
5.790848371905685 16.868568401958385 3
18.42144231949129 12.777079163122039 19
9.061122201066507 3.238318218998437 20
5.511409354784225 6.445288368712349 6
3.5273607712555255 6.856130351014715 11
0.2096790190584774 2.9502365962599453 12
14.29965137567529 7.052799594691878 14
0.5067235772547707 14.003676930506234 19
11.707801871033652 13.034696130997004 20
6.8412532130039905 9.217590109657882 20
11.076219206744156 8.95238952821197 15
7.570916486089714 11.16017927359113 16
19.168298574152196 8.455331372592877 1
9.740499401284652 16.85660651451331 5
12.132943614420668 16.637990454540233 11
4.2661349640112185 3.9300592432865944 19
8.263045406281602 12.554763669511166 16
13.530140420604322 14.704902659232546 11
16.673550401560185 9.677676700869604 4
0.039301182414541724 19.60850477667503 12
12.919713151177199 8.421721709573431 19
4.641117958384273 4.409552600666058 3
11.754558250030772 13.02090604182763 19
0.33742619036930543 7.922838601099384 10
14.201621836199234 7.495109648352805 6
7.221516128894105 12.052267928350036 19
14.269531387652082 16.1719001512506 18
15.209029678307054 6.653520801442441 11
19.523078813276705 12.378848072628315 15
17.49223265626221 3.802610352406106 15
14.009284699623574 0.07798562571072365 20
3.7093534106344928 15.945342591682284 2
14.798421011148603 4.724687958004241 3
10.742534061680711 6.534209173972303 20
1.630859162224847 11.69022624584141 1
0.783313790074982 6.4615188517795925 4
2.0326188187908056 8.302499425456315 13
11.547620795458371 5.5261392298328005 19
11.343174548461528 0.7054631772658149 9
3.9088534810574416 13.222684820443487 18
0.025519690357871383 12.5874320446414 16
19.616054693187166 0.10317411471594262 17
0.5523496702641961 0.07827700297821094 6
12.898269945593226 9.215720071621508 18
1.8834359606834061 16.742073059665824 6
18.651852987692155 15.640486463317696 15
3.711124061641151 16.918748374137888 15
3.2616531947321192 17.593134621805135 15
16.251551339572355 0.5507861773350897 13
16.773321572341356 1.5645536700510854 2
15.438997963470374 17.368841293766355 19
16.65542693175765 2.25355529363112 5
17.024996379581506 8.789576166365995 19
0.6918694264977843 0.8757077801400559 12
6.854351926176621 7.430711599462114 16
12.291740467899626 2.0473913937753108 7
2.4980498655650996 19.435653712923248 15
0.2137085041396647 8.344713530024624 5
11.926814560383532 0.325725485414301 5
13.93757923644111 14.519518864805434 13
2.1909764594254155 10.131887128188701 8
14.21564001559302 11.940344277759497 4
13.298138952779182 15.387384158758435 2
15.39544234496702 12.25833852992469 7
7.297197597356266 6.310795266665076 11
4.481797454956147 17.04555303599369 17
10.866803003851789 2.0218826203768114 5
18.653304079471575 13.703506974591356 11
16.490851413891875 3.0637431901019374 6
18.508265389177044 12.829079006944678 12
2.702685726812506 18.698645687732302 6
13.864423376125911 6.946153932251717 11
4.8931962649188065 11.682720096897455 10
12.933870544385744 6.363861057661095 1
14.574108966774254 18.62464226433073 10
18.57198324635952 3.0287016452340043 9
3.904573302141945 0.3247771928286358 16
15.356634603135841 14.389282458748731 16
0.16242758935006485 7.4006869982469965 8
17.394579292697053 12.955881291602298 8
7.7820639600759804 13.109976169073871 13
18.690804406421016 3.53015614457026 9
16.937340065780635 5.658955301119106 18
17.114495655077462 11.55367608934901 15
8.256823328601461 8.283709426440996 8
16.5508235338601 16.8585155649081 3
14.537844820795918 18.06505477849621 11
6.147115069561635 9.965301366956329 14
6.948888212866635 9.423134833275457 8
0.6474541302278158 5.636093217203104 17
1.072541014275552 6.252448454912658 11
9.803881656736554 12.300963338441813 5
16.82543546459793 12.209932015265858 4
7.8824220969477565 0.046750947288611844 8
6.243132814844894 14.575012234813045 14
5.518140206297144 15.588819637215446 1
4.529294414533982 19.827228420187716 1
1.416722807265205 14.28365625598364 19
5.320946697136685 3.0691300668314803 7
4.7570853361754395 15.62371374127588 3
17.322934848990407 4.4386949336296855 3
0.46231187756214265 15.128811319183598 12
17.441861610846306 15.973966995880772 14
19.011887815973946 12.970268477950619 15
2.7174119080321213 12.877481670435746 1
19.237619454263463 18.3774598235316 14
4.348285907854708 19.203075714945975 3
19.834004532912385 10.45782831194694 4
12.087856128997085 18.112380276238618 13
14.136056929005282 7.608930654802812 4
16.21650493265077 1.0683913624409924 11
6.717848376664756 13.628767902444206 5
12.421052907173074 4.835827295298549 3
5.871649670786169 0.7141416115444188 6
8.719731117378844 17.242511754563303 19
8.345224983999822 13.747339067875544 11
12.861009257673965 9.458282976725634 3
13.241452780053947 12.87758014665765 20
0.9710523408432103 18.412826335892646 4
19.36816218037803 9.463778986878001 14
15.46180423454758 5.24309295688578 14
6.222641493473857 1.710920944712182 15
15.72589913501883 0.3484620585154552 6
16.337552051046238 18.749006814624853 5
7.7319757866349885 4.684018745772132 4
7.766311191075319 3.8763511424897246 16
7.473072395823213 11.38077760105909 4
0.3275340438995289 14.05587700157234 13
0.5270606064427441 8.16266430202273 9
5.0801472300102235 6.538067724106227 17
16.203439316860976 11.21887506376913 7
7.066851815064883 15.857364336288882 3
19.55749725505139 0.6498749259712455 8
10.036982990218714 13.600586031611666 13
15.111043913732097 12.109806784137485 3
10.227868717406587 12.351839885870229 2
7.766510103305071 11.554360378948578 17
7.892937870499576 16.284462973146503 12
16.678603135952542 15.691292168848744 16
15.526159083049404 15.920011278144866 2
1.3748778683497864 10.954050889133633 18
5.377589252436787 8.764213655934176 6
7.877744209401971 2.419856231056454 9
16.948235741632992 12.969757529208758 3
12.569927372560654 18.710671001741478 17
17.896220889747664 7.426901848973159 4
1.9599352993723884 18.40117762094477 10
15.79673829976473 8.83399484882095 19
13.59157058484023 4.095844700787992 7
12.496271908496885 3.9339462321317376 14
5.044524304085352 10.890251659022097 8
5.107874806720778 9.570879134744498 20
15.949914625088171 13.24416115582903 16
4.945232723358268 12.888397325767896 3
12.538714698702748 9.614666250595336 13
3.6617767019088654 0.6311662546043229 15
14.221920404108712 4.462976432566976 20
10.809412575202206 14.311705064723279 8
14.016276658429689 0.10895175409071145 8
9.450131197447906 16.35378804879083 7
10.202002790277147 10.825495375467288 17
14.044566559064158 7.683223432371187 12
10.509329511082509 17.8885772566218 3
0.7066744252684498 9.95718849904173 8
15.783278333184082 2.371373057529378 17
9.366332162517256 5.9667030968640695 4
11.71392496378594 14.07802507068192 18
11.118491402866955 1.2172873246968274 11
0.8062661112696556 2.747397111972447 19
17.188059995662883 10.208752946939974 13
10.48059872767742 11.482329757933938 19
5.767159621860212 2.0380292770854047 16
7.162002167676453 14.971538813913899 1
1.9533475993497151 10.246565696338408 17
11.68425220101235 16.83465221107652 11
17.922332797645772 16.869568594722907 11
5.331822096947498 14.881621522284272 3
8.658536806988282 11.090481538693782 9
14.883200852877476 3.8131132675909507 5
3.0697282626286904 7.306927139893984 16
18.749970189215034 13.725380503903539 15
18.137909360648013 5.987375788599129 2
19.8324193720429 6.558300756154445 20
4.88104900099416 0.34745061925449683 5
4.353106032547462 7.02172717849693 6
14.63765653853876 1.6026022120326466 19
6.505298653199178 11.507714740393267 6
17.49347558397191 13.481900826834782 1
11.351397887641424 16.854233703526237 5
15.72423113414941 1.8916806645234208 16
0.42952074751135383 4.53976206483238 8
14.183886418057295 17.610530069585224 11
18.35280357166435 17.229139926214227 12
8.691630445776452 17.144294134532686 11
15.82894438410949 15.48273835032754 3
5.615713046435225 15.105007388893494 5
0.07165807538363822 16.32519628970146 11
19.453458530387024 13.475777277264536 5
18.797276311053253 3.216378224785368 4
14.89542154473964 10.173322813261125 19
19.61737759488119 15.079065425257703 5
7.7099805185949215 7.8512159051596475 15
13.247459355885871 11.656119570031521 13
2.1634900834956206 4.075248667577959 18
7.085299998901135 12.317848350104544 5
14.275160806788671 18.020931602347957 10
7.485362424412245 12.271942768429504 14
10.471728706484864 16.403344635383775 9
15.663650897930543 6.759228208064993 19
0.33490529781298184 0.6936368774092561 19
9.086883915856728 8.312181072905297 8
2.6456445374353033 2.3083173855383965 8
15.010653257725128 7.967482824475438 9
11.307278205369354 17.84547294719305 16
14.782187933393129 3.795892040013773 10
4.163692432622188 4.527391866411006 12
12.995642986745981 4.70589727844005 20
6.029690699549766 11.975397391872303 18
5.927664570546678 7.939559809590817 14
7.100594062153862 0.01279245939023621 5
6.890131057091793 1.8872658409606502 3
4.351225237368004 14.513108496773182 20
9.790457790780083 12.77651115453509 14
19.407235982129283 14.646501000593492 3
9.176676824295914 5.693808524617534 11
9.267165869236344 9.908861966995676 9
7.307119194331236 18.55932252477769 16
6.496076972086236 5.7979262998375125 20
17.211793988916924 11.41683075168769 20
1.2581847892868403 6.7272130041034846 1
4.405150335177432 8.257619121346098 14
6.73007972878366 14.648315628575652 16
15.219245573969612 19.560119520922957 17
13.882369932686192 5.0770940911209195 7
14.702563188945462 6.485836995101386 3
8.232905842379319 10.69758267500327 17
16.746666378242466 8.126950447734064 9
3.2540087602921797 4.722638604890972 4
4.648859543277206 19.343836941946034 2
11.216560915164715 15.73436102407905 10
12.275069298419655 15.744900751791551 4
1.32362833592101 14.498436164222097 18
3.316203800859303 13.251005116321476 16
12.310148212417374 3.678737127233982 14
8.447014881202977 11.946089088572515 13
19.700127607044593 9.736581904113601 5
5.668274621258876 17.001362907252524 15
8.790850299339656 18.19431592294116 15
16.120299986959555 12.647212588867871 19
6.497787766421439 4.707359789985093 9
3.4066995197187233 16.528903521725013 1
16.35904363344718 2.0402405992077055 6
4.56782321422372 0.3995399916484854 16
10.738847949594177 15.943707769887007 12
6.995920465051368 12.59734549889859 19
13.605540016250476 15.55059974184183 9
4.443077853351394 0.8513399590883131 18
16.436858716093752 6.630516364136687 6
8.862926708922663 2.7206779455113583 18
8.736533739254117 14.405094504234452 3
12.97155158605997 9.439805022865963 3
18.536969848602403 8.57756574142243 15
0.9857257947375353 10.884383220694122 17
8.310959792323253 19.5526432262496 10
15.334131675076518 11.39300460574125 9
16.540774191504525 14.38309203615649 1
11.280628910345163 19.97665969353787 9
13.410283348474483 14.539843634400462 10
8.96920255432483 12.019271626515316 10
0.264510585890132 2.431750317200756 6
2.325854606819915 16.106216646538808 14
0.7602653201656273 7.578747378467581 7
1.5414498003560073 4.278557045494146 18
10.31247565258121 10.882157204576085 7
12.31502961134596 8.110468210328726 5
18.122733196008195 18.10599164401806 4
18.41031575359004 8.633840021752832 8
15.961308972842453 11.313606502253064 4
19.545651199201245 18.391259083087977 19
9.895857774023199 12.282239110895823 2
0.8743959947777391 10.1504591287691 18
0.9163419640321613 2.988011741684151 11
3.876614127825997 19.52820162548289 7
5.415593556498446 19.18573932379983 5
7.097268867150066 18.00403100453825 1
17.302597762789254 12.85925164345366 20
1.5791425517097313 14.744647714769425 9
8.721178110084702 17.47288174595843 11
2.859350349510461 2.0609566510782407 20
10.308088542747342 4.175057344606616 6
2.501103848729993 17.325822647239065 10
2.847956143032082 5.766449713744082 20
1.1898897871984748 16.668643238194132 6
7.63221646829874 12.870210374319289 9
5.944718205428659 4.3821439198512335 5
2.6671363236355017 3.9488537136538593 13
0.5257658032543922 16.870204576500935 3
8.521597997803871 19.16285450852188 18
12.69229278623165 7.408011468601067 8
2.4284155809484087 11.158060053795653 5
2.990476868631815 8.613454469483887 9
11.197290674704428 16.561611899864783 20
6.6227570781270835 11.902643789980212 7
7.106250129268002 10.875607492103407 16
4.172196456221535 16.03023691919492 12
12.00407510990531 7.935034809910022 5
7.923190179514544 4.756911724217976 10
15.809973629392962 1.2041186435871487 18
9.337039158198095 14.628295800413076 2
12.772816015611543 12.395362736288716 7
16.938696835149557 1.7903486864192009 9
18.815382366690454 10.729361012948866 1
15.436624563880784 1.5456160768882587 2
2.7680831120846716 7.956232420006241 4
8.652867858434472 9.370500865211381 2
15.9021523852343 10.402165893921747 10
12.375448283971277 15.358700548580206 6
5.11213559428626 0.5928434412250505 18
7.478357620990632 19.728040699829258 4
1.2029958646592465 12.863275853893953 11
1.8947078088962699 10.025060381699522 16
7.809979228601334 5.0972500849045215 13
3.9826627011341964 11.284753383464754 16
2.7178030702347966 7.862307726708623 9
17.247009821443854 17.294519373308116 10
10.531917193468566 5.578882228059127 20
2.685137150483672 10.28669863074038 3
18.580013601078914 19.62503507588266 2
13.44827545059398 7.4872962344222564 10
4.381597951805231 9.004775814064676 6
13.746374637131133 19.759574015650777 5
3.2562604501278303 16.073516808274057 11
0.4866527758886807 9.601484118487607 3
12.715418067320668 11.653537633865545 14
12.96814854419561 2.9863588285886022 16
0.6025266119896933 8.00127699179614 6
4.302453235297681 12.062578577596168 3
15.875369518207005 1.1654380789996766 19
0.4960297300631922 10.15704117468353 10
5.822854720058577 10.958366763718763 4
12.545131531830833 0.316254202211006 7
12.15800126578121 19.051150538897915 6
19.0542772054461 10.490176050538311 19
13.374852518789611 16.804953731538056 20
1.4713868077794912 10.41180496223566 11
18.32496292902833 14.243533156287693 12
6.83661681602999 13.59865535372779 20
7.358997082732053 19.35593717656825 7
17.52969453836751 8.7242060947918 11
7.307023802583532 8.330908431795681 7
2.614433264931364 9.635435126258937 15
6.03234064166958 11.249114774727541 18
3.4947269832344596 0.7318670979846398 8
14.152595811937692 15.804142037239492 10
14.290540040624302 6.733126354275174 15
2.726105148082154 8.572273816500298 17
1.8044008271618939 3.8523015481071554 17
3.4503158653620236 1.4229742091850528 13
15.376482267693657 4.171157405292487 17
1.6559911261674243 15.80716045566385 1
11.641075875559492 3.2769875457692033 1
2.5557963311690046 3.059235093931416 10
3.7420179272651977 11.463469397517311 20
15.037556296690129 11.950039294281765 11
18.196189452197572 8.247750179752064 19
13.812380690621147 15.298118072285504 6
15.094266331562494 14.272646243509064 11
10.341141944162457 5.853093698304594 5
7.818971227083571 9.133707862584956 4
19.544269915942632 5.161325301179254 6
14.85420612151695 12.738099451050003 15
6.121514326285668 0.8784871472616085 13
19.556796213048205 16.363493596002535 1
6.153138606010698 10.124317057024877 3
11.886721398272647 4.889315270074032 8
17.764320102687538 5.260787619675589 11
3.4038008599858194 16.487870950720136 19
12.882585513620715 11.856282961843203 4
1.4912031160504524 12.938748294816572 18
1.4004927783755217 11.484625371548544 13
19.53658599383425 10.964922809695903 4
1.6361624919735251 16.027662532846374 11
10.836755831290727 11.92691704998633 19
7.755719010435264 9.333921230538614 3
16.979419848236905 17.423845243082493 1
8.79372281528552 11.988895782813833 12
13.65084794315205 15.942503231858435 10
2.2959985845455932 15.892252468474062 3
2.894160995292163 3.783474001755036 18
0.7989958893651905 15.51363386037564 4
16.198701143299846 3.9901880106406473 8
11.531901232219795 17.43600319979111 7
14.0883912513649 3.900120508619158 6
19.88631415497309 1.5684746555379703 6
9.353974627765089 13.390248378548165 18
15.845003173800619 9.203749203181557 5
15.841516283487277 3.3510145533384583 9
5.19161025389725 12.420142933176626 18
6.080464849419949 4.5572881318385505 5
3.5962355163292847 1.159859814043649 6
9.86368010306334 13.06460464652919 5
2.477491398301015 7.41342700078752 7
1.6750419538780492 3.8407017526350495 18
15.701691134689142 1.4338559605778944 19
9.32499046325048 5.92032775758236 13
7.133584324628311 5.572284747234919 8
4.0255543186119835 13.521837455545334 8
3.094222155906261 15.941343735203507 15
2.432339202920195 11.951698778812428 13
6.085607348557229 11.004146376471146 19
14.588902539824604 12.23681517584823 16
8.702806492327337 9.84228785838064 19
15.053583943336015 13.03939013074481 6
14.173128638952914 9.508919551676623 2
1.952945097470422 15.75628572724809 11
14.473136241431831 2.4481040179606794 14
1.4188948023254078 9.560662084101763 13
3.5381848897695067 12.770563371825123 17
4.659060386869147 10.019483891282256 3
12.43990367796317 13.765942565464355 6
19.46241366379801 6.6112351825128375 12
8.654337858270122 5.764095659932558 17
16.511285239853734 12.146687123482325 3
13.959356582909837 3.530661046941601 17
6.318967087944227 0.40779466511003726 20
8.238926649411864 4.169627271055432 10
6.512388400397649 11.942466269292744 6
12.35761884581309 10.150057527358477 3
12.62144921735602 11.140873821217411 18
14.223778907855564 1.1481410673065362 11
0.716459150298181 0.4101145163842057 16
13.943095011564283 7.856720085152995 13
4.413013370154266 14.245074929352912 12
2.845194103687454 15.232412115075505 12
7.323235135067955 7.4831316114208075 3
12.960306830420743 7.263733387652671 17
4.602132431881241 13.674196508386318 2
19.86150713348152 18.096842573867896 7
16.064287594678973 7.520066375144037 7
2.202429470598284 19.340497775498495 8
3.7595572159664092 3.651902378703966 13
10.088800349105169 12.161786203167148 1
16.58548994974595 1.918728421677398 6
11.2892910206915 16.250641169441774 15
0.3932474394556129 3.7114486482824494 16
15.335312561413906 5.360277522343142 7
7.041633965305431 17.11761942753329 17
15.769404928639183 1.788594085935955 19
10.379740906151035 8.520341312916548 12
10.4190715432212 4.549677380613286 3
8.853135762697041 15.165751421907231 16
16.266880260832778 16.632025585204048 20
5.958344436815022 3.5373888580630264 5
13.205761570494479 0.6736893572059066 5
15.59396620047229 19.91052466031118 10
0.8689171562451992 11.360193400609038 14
3.246350293839375 3.2513653385305608 3
12.395274837425445 18.217282290914 18
19.80058855929603 11.276402919280052 11
10.37481512015306 17.48948829795865 5
0.11574965966376416 9.727503237248992 8
15.868355483039096 13.889848999377632 11
3.9433885362975385 15.944081328090933 19
10.026766253062082 13.936870486442384 7
1.2669612775793704 5.311844976047613 5
17.055093319698887 18.74455847534094 1
5.203232332233574 9.602952514840535 20
11.72016849039137 10.288164260090817 7
19.409007400846384 0.42400308052217284 9
5.509028152784987 6.007350788897483 13
0.15039168614287668 15.244966654599308 3
3.3946621786215814 4.6050055555815845 11
10.392710772334055 4.636919941614625 13
15.532951120900202 6.388958446935469 8
13.101817560853073 5.855051185422266 6
0.5622052943900946 16.20147542122368 13
9.042018237949524 4.689029207696289 19
2.4172616226817456 7.312990750948403 12
16.20453877970835 12.878100661320486 8
8.096650341846246 4.901492482514989 16
17.21072674433867 8.566351779753527 2
6.827103451606331 17.62555815316263 2
15.03373598634687 13.528553262355597 9
14.439221268426571 16.8603344265634 20
14.170861692501909 5.82742444387468 15
4.178543248057474 7.488742529089851 18
16.113508549590318 1.993149387170472 14
16.058278928033975 1.8653066192181433 8
2.9194494429488094 15.724633989053363 7
0.37975709501087307 15.461450163145225 9
19.443938743382926 11.323400309318234 10
5.386053432123717 3.2492835716322155 2
1.548361089888739 4.887482087119553 7
7.662874729111753 15.44611490438893 1
0.6219856059172457 7.612771282101307 7
17.379470626034777 11.432710752464164 19
10.716615603809297 5.116723641785114 15
8.663628298965435 4.159529736180065 13
6.587788020713232 8.599797464488825 1
8.476834407307594 10.169330761477603 20
12.44421404193871 0.19733951293763763 1
4.60365165568904 12.597920572873829 7
18.802299651056522 6.173180805302946 8
8.5113702145812 15.375223792404304 10
11.247337217241714 9.917436366874444 13
19.647689250057248 13.429975306778099 12
14.300355466041408 14.879945669766583 3
12.099540795059978 5.369222101628948 10
8.688704348118995 10.45755902756615 6
8.907259167741245 7.982318391512388 10
12.405033987733082 5.283379856069514 9
16.010671663095234 7.333106215728716 6
6.61031191570967 9.23145165375232 15
10.981993479383183 8.666232851456341 16
18.530457604473305 15.483200601867935 10
3.719909517544322 11.498476797734561 16
3.464149372192722 8.36473582246633 1
15.211313910258609 0.10830722344105981 6
4.873892446204293 4.775246448794002 16
14.838192105912364 7.939783950473352 14
15.163568395977913 1.3027379694209884 1
10.745689475606177 5.08506410103781 17
6.606410318789912 8.487263966854071 8
14.52279807409897 8.804846708516916 4
19.81638828345834 7.37564831799753 2
6.345979929565964 14.562066809071263 19
3.358453606777072 14.036086215220076 14
11.018075708601867 2.225451681878845 13
3.698209881212202 1.5305078661347116 11
11.596668872160569 19.646370581795615 11
4.53099852552644 10.110251963541977 7
1.875767243917843 16.66532802403632 11
0.06804160627196021 14.074689057066681 14
13.467332481067967 17.63950161783987 16
8.692846317217661 9.026613223930397 11
5.313367679382259 19.44351407347799 19
10.988708546513525 4.6271337298008515 6
1.497956422388862 3.6204221807250248 16
18.707191970024258 4.09076465325382 10
14.708405980761864 7.77537894619231 5
3.2798417860141926 15.810644782869156 6
4.04513852473527 1.4054562023856598 10
6.9135761957949775 3.4620044393690375 3
8.804475899529287 4.098048720053056 13
18.00001179806314 19.9115449379596 20
10.33946031533986 7.587955013623708 6
4.548602176978392 8.738762496309478 1
5.006764852519209 8.183296578917407 18
17.569554519804655 16.402843322873476 4
17.27455728258133 10.147668985510265 9
8.75382177770022 8.485315385395626 10
13.942404559071315 5.8893732034488195 13
19.943640140565936 0.6177583758897787 17
0.7069122180607001 16.998800711505435 9
4.652791032144279 14.35749454101128 15
15.473336658868638 1.8057059634558081 19
11.36357506587905 0.8736598443348154 17
14.354519780697686 3.1670595533980195 8
4.719998043596448 19.423572634172 11
19.86110571914774 0.7282631461139188 20
18.465030162001643 10.377663122010253 3
18.997073883287896 4.899678467913917 11
3.728637904354526 6.3009862710651765 9
12.932301059385303 13.958424228607758 3
10.626450527482467 0.6046680495724988 18
5.848129339918735 9.349240432431303 4
17.367266564688673 18.445867665124492 16
0.9752944136714725 2.782026590502382 6
16.27694396559785 2.2637510304181796 8
7.915525548446116 19.2630430180506 18
0.14590313228214136 15.331954022330642 20
10.591088636199146 10.708131129322124 17
15.733702388495956 2.8163145281946123 16
1.211814998528784 12.382392468247241 13
11.686189662604827 3.6281444113195094 14
14.447440427525484 0.6347219133420468 15
9.87084075127542 1.8189265771218333 1
10.403980848360918 7.01546754681897 6
15.886912544374834 6.636781212096315 15
7.348609436813735 15.867852238053711 13
8.291388881224487 2.9467219196693772 14
6.382302948339021 14.672760771612944 19
10.022461063290347 13.621191331594297 16
12.705860517793788 9.028715214357032 4
3.05833172900851 8.105665888159058 4
16.187738083481392 11.853927108979157 1
7.460259649919234 2.072535827807165 18
7.335406653776406 19.039936290254 12
0.8994774371403969 15.856695106916714 14
5.459247583843712 11.905060996918849 14
17.62585656326084 14.530749782038763 6
18.45016112143085 17.22166621809113 12
8.365281986407858 8.611522036178197 18
13.050692480797041 1.4463275506553042 10
19.428075374549245 13.704601322321238 6
15.868690688914235 16.70310249761307 5
8.248419646795034 5.761446680927129 4
10.330375088470428 6.072065324373746 17
13.677695249257741 15.623367787110977 14
2.2171352689978985 16.973050205939707 8
3.1868808491038236 1.6552588227105791 5
4.706940632901267 9.875811621949113 11
15.444451504479531 8.88255227859359 15
5.777015902559639 0.40571257703283514 3
9.725057373353456 13.334999812007053 19
5.752406334006022 11.986920698276286 12
19.30531728877581 12.637283090415643 13
5.718436156629583 6.92998328719904 11
1.1855550776278645 8.882407344222575 6
6.42215911292438 14.880064317993204 11
13.574463337221287 12.617398553156304 9
18.67103201701218 5.238295416786487 17
19.120800034611214 13.282526951863103 20
13.784832471832715 18.427600016934676 14
17.570741639364094 17.238147665822105 1
19.87957880166848 6.2320357313272385 8
4.3476190594659325 11.241987369382285 6
1.9083184728453872 10.316162607402417 14
12.13295673835907 7.108332570323272 16
9.181821391523613 19.092945564620905 12
0.6877633056492916 0.5046190381086602 17
6.512191179019611 10.947505780542565 17
13.410571237118988 18.7975104767718 13
16.30411448371668 7.899190586050593 10
3.057293465346751 3.785801403172697 20
16.804812430531484 7.981739732935922 18
10.4946759364742 16.587964707567025 4
5.483368705799183 8.171501404549662 10
4.767427170251688 2.8709445367578224 2
7.4611731431264765 6.188084146064476 9
16.74754854835617 19.504838595556436 1
6.275282965851976 19.506611531121923 2
4.2199991571786395 2.5419217680579265 13
1.674624828709237 5.399820644925852 20
11.187889562826498 2.923059744216563 14
15.343465810686414 15.814087019243043 7
3.3847165818230796 0.030829033508215087 11
6.703182412087534 8.732549597339723 15
14.687584090909452 13.016960280528611 11
13.7850677706747 10.185904798898665 1
18.523518428414093 10.999368665467586 17
3.7912658209238748 7.687426086033467 5
7.912179088144389 0.9472351924705635 19
8.115398176390158 9.251819288389909 2
8.203223259947753 8.871949621584264 13
4.250729144693278 8.381908792692261 1
9.8084204227563 2.593209243590928 3
17.47833308278785 1.4474902659213784 3
7.120721797650433 14.596102676364996 2
1.5753131451031233 3.6876775788904803 5
9.481571501564396 4.13034344798011 8
6.482569516571022 13.684922957749448 3
18.681085404417736 5.071521813907922 19
10.077147259820336 2.24141942284132 4
7.8400738905967815 16.80168514100571 17
3.672987860327752 9.46161142414489 7
14.228379204247359 11.404058734499436 15
7.627974291866309 0.06317299688584077 5
7.304391198801648 18.91478979759689 9
17.03469005510474 15.413243934673 8
0.37402633602605206 3.641519191832061 19
6.105202909120539 3.9184314545854915 10
17.963487660708342 1.6597826537850624 15
19.893570170948166 14.95818109167119 1
1.72567498088247 10.823999645085058 8
18.19694938251579 19.44110968524271 1
7.134301313530789 18.810483838767983 1
2.351765121743199 7.452778684787478 18
16.09673651003798 12.668764967614825 18
14.170593669360667 13.659084176004999 2
15.476208161614977 18.176145080389887 1
5.958171261923879 9.454351374142536 2
17.62239984052077 19.092319837829386 12
14.598012776612975 19.080420845521154 6
1.6496150497717132 10.358971240752231 16
18.24510904768657 17.056102684069646 4
1.992231440608414 17.72898203694031 5
0.4559483501721773 19.957853876529473 7
17.144807316802023 14.121349053250702 8
9.47888621439623 14.757009345718782 10
3.104891153702718 1.4325844332177229 1
10.574478174006286 17.445786072446282 8
15.333269843360878 0.8020595696151456 13
1.8555925156298692 12.381404178772046 16
10.094668468243777 18.67073650275906 19
19.337847152749912 7.472843574995367 7
15.090788012958576 15.449091588206691 1
4.194817592443332 15.344397919288044 8
18.434973142995375 9.325626542859238 11
3.136676870378181 15.00329950304993 5
12.19514836894427 4.328345491377683 13
15.5334886784814 7.021258020507899 14
15.11391585561125 12.698581322986586 12
15.4547451935859 0.03138870164765439 2
19.965523835618132 18.80324094676089 19
10.232792255760518 13.962966924565286 17
12.746500782178158 16.09753944731152 6
4.817941372929962 13.810998245420125 7
14.160380083107238 19.807301553041313 1
9.46260161165263 15.936209449830468 13
5.255482406878269 8.734092627090739 12
1.8483891885954162 10.600890524112414 9
5.281317370052494 16.145250513139423 20
16.990422967530428 12.367989786967765 12
14.570085337333117 10.908066562207772 10
11.209941496725174 17.67683199517769 19
4.97674048947101 9.417375584704713 3
18.51874124741141 6.233134343675156 6
3.3385743129432943 6.304802938345873 11
16.732421204779904 12.470171796063616 20
3.813570473702712 11.846114456721025 5
4.686937170639787 2.1961420741313087 1
1.3969429860168359 12.437992853135961 3
3.582798762965087 14.027541689721465 9
13.955850757074646 19.750678364617304 20
2.512268038706049 2.5920505946112837 20
14.497537120684498 6.084960141547883 20
19.626277623812577 9.664617898080753 7
1.690532692318012 11.267349737039584 13
1.9451165598353137 2.9406700351396475 7
8.187526948067326 4.1879343641937545 19
2.124704515086926 9.228402761157568 7
12.194947542501247 4.201935017155291 3
19.9422436360271 7.918154087905515 14
16.573169095685927 7.314201373978504 3
16.186253784707198 0.4752248331826614 6
19.115564842221126 12.5003790622841 3
14.98425166498198 0.46075126200906036 16
14.508066388569018 17.681229227027565 18
6.371873108058206 2.996781433988882 7
1.866999359367445 13.487509249117062 19
9.426890400085997 15.1917252435394 13
2.4129043397044825 14.047048474487049 20
6.032473498948221 0.35972537941430627 4
15.57379216221081 16.197652707335838 19
11.057380874134694 6.414134222853727 19
15.22792377156759 19.078792071352733 4
14.194258437286836 9.338888173458992 16
16.987380160685728 4.685409514309038 1
16.448699764323962 4.905155045611855 11
16.028185669307714 18.26676984614358 13
2.4730909169604187 3.383562940784195 18
16.913928657785874 12.326356978403211 19
1.2933438135211328 9.082724158159568 5
0.12466090677381025 10.63773559289655 17
13.104958900103679 11.38919000590587 15
5.1368316740977304 15.848465093765906 1
4.504542436493804 8.252709918211199 11
5.808552142011678 5.000270281539474 18
9.357814014405959 17.673323231827478 8
8.721879785581718 17.67976055591199 9
14.607921063408133 13.97285198902265 20
6.637912421295478 14.948935076896854 8
18.83950605432904 9.325737230612345 2
15.427023951054984 4.813746179654384 14
18.418563538709122 4.262543084525325 3
18.030889333940898 19.090884760317103 14
8.088332783529221 3.30615693163421 19
8.600502758474207 19.54450203202438 5
12.22292664452665 3.5301662579530713 3
2.1600608601520754 10.117189179066212 18
3.8100339559308782 5.849662728001006 19
15.753691002699522 5.459329623491271 1
5.8417058994507975 17.101097536281024 6
15.341679260766476 14.654103116861707 14
11.27019940057101 5.2501687416228275 10
4.62150274975484 9.22693508329717 15
13.095417773561092 7.642241798417409 16
2.2166006683528217 6.633404200415702 16
6.0200014664277095 11.169435471927594 1
3.687379227643377 4.109799781383867 7
15.97066457661721 14.254179914022188 10
10.247404269056998 18.230869264943067 14
1.064594115912072 5.490688820670413 16
16.62060261414554 16.903149768089996 16
8.443072730939384 10.603481128735787 1
11.721766480304813 4.957512522486596 19
10.181381927818478 11.111165535438467 6
16.983950960923845 19.939992038695678 6
12.091678297724293 14.564877431876432 11
14.548880214176336 12.493135565697644 18
16.53627602083852 12.508709633608511 12
11.65721421903325 12.583194721174568 5
17.913953755000147 15.217268128441336 19
1.2688531880016463 0.007159971044741198 13
16.92506610674284 0.4866043388769081 19
4.6740038257419165 10.023459179586531 14
7.659055932042942 7.919914162582833 19
6.467013010478084 9.365382644678302 19
9.260321096360721 6.058463319546171 1
8.808396276497678 10.705877601160019 19
6.390679733455665 5.345789793158257 13
2.40219528298252 17.527402866341713 13
7.118066251797444 18.69809195229776 20
16.287439382505152 6.6276538119507356 3
10.154046052216376 0.15525747383902777 19
1.5717243725919805 11.24184526288963 1
16.236082282782363 10.811247760200436 8
4.665978306730576 8.815727313497824 2
0.2718199862320625 16.376018563296608 13
8.25799456313771 10.461440777360915 7
6.125539246109737 4.407331668783936 15
7.1052708450039965 18.268680522897327 7
7.997270872753868 1.8764245821227576 2
18.564644713307437 12.391733386641581 15
4.587558030206309 2.0173554622150447 6
2.812726123383671 5.042830672919408 18
7.2013572996424795 0.23856373338211334 8
9.330429648478887 14.78857658335712 20
13.38035355120639 8.854342705938707 13
17.123269903906817 8.959233700989017 3
15.743241288393346 6.549981798291311 14
14.024535827798111 16.603029642128927 5
15.197908309046763 3.4221422208508967 12
8.686723407983116 16.140938398335216 7
1.9103717754310368 8.176273003445555 14
16.15302461538359 12.682178447597144 1
18.556393867515343 16.754551203856487 4
0.5424592758046631 7.089996166066699 15
18.372769444896193 3.767052138049831 11
18.06094584473453 0.22532064694672505 5
2.9509050637275536 11.690094215548116 2
4.065099995934802 1.019403929071443 10
16.315450203103758 11.253870615311648 3
11.676579231305599 1.6631483101802114 14
10.79525999712305 17.91768541452861 19
14.429071206372674 5.563043609642426 4
11.759598726581427 11.466921315705417 19
12.683758987850426 15.444078595659152 6
11.076130330079405 16.124848375360607 17
4.740924153524661 3.3507807487041563 14
18.537346851550875 18.751594446683036 20
14.164280760109488 11.48604086681819 12
18.58447887593782 14.767523380128768 18
11.482932845192968 12.671402887075631 6
12.762946190736223 14.082285025985064 20
12.08337149060499 18.720433176782162 11
14.838051685463832 15.293099377383786 15
7.171171752788192 11.42022522004703 11
7.712368846373914 3.9367259995370407 12
13.98241084302465 0.11180234748370488 19
7.447860292258106 10.147071063177485 20
4.925119034188934 2.9854669717063653 18
7.595689459070291 18.49168619532382 16
17.723465142814387 7.965746796855511 16
17.399970720252526 8.198568627637762 20
15.384426544471898 5.508593326844295 6
18.21951815019933 16.48911810124941 4
11.40416066972104 8.311150368721593 19
4.429480161878409 7.9050216625609355 16
14.30777384528318 11.969476346562706 6
9.765199801221488 7.044525306301583 11
15.281469705932654 0.7542164049614852 10
14.357890337361297 0.8092357088884317 14
19.901556262779206 11.832937204781208 18
1.3147869345576657 6.5578505531362286 18
15.882710892042109 17.187709665113932 17
17.115463672110444 1.8404648308720817 15
10.475217064368518 4.245613358569845 12
13.410800699426026 10.134978241396997 13
10.040740627429791 13.759167856847172 17
10.228223148519138 11.41187658675991 7
0.724561766106302 4.69430998792181 10
5.731227177601131 7.586451241635748 11
8.274838534378581 2.266814983789882 14
9.090716286265991 9.392328685224296 7
0.11922934138373087 16.10117345804124 9
8.092072732497684 10.735136301924 14
1.3031428028402714 15.763470590881933 16
17.52596639959841 0.20786738262992266 15
15.773040389133307 15.880623729868207 1
13.30751615268663 10.723894615575754 20
15.011327198024116 12.099517704594959 8
10.49510511895912 9.779088987945704 17
13.05401933298645 9.430467820663512 4
3.8308173051488525 10.120301950844206 18
4.571264793710148 7.426551580153758 7
17.03645102731801 9.156591972822469 12
19.35381968489087 13.093959491542023 5
1.8085780639792315 6.042634247308261 18
5.24335120437077 8.001459704408669 16
16.581375868012312 9.328295380270886 14
18.03133537862966 11.291992898030651 17
1.4337677725923959 15.44768598690065 13
12.197106370550642 2.425297782655831 9
0.8746133330206507 13.818150352680012 17
2.016291591057542 1.3756090739344429 15
2.654071118796466 7.668486118666175 12
9.365156182818948 6.943067725371927 5
9.738357240876734 18.599522305743918 5
0.46591111960199605 5.550120827350011 18
17.996030618336462 0.7794858238181801 17
7.7600688326151745 11.243480297758836 7
6.7084230295892056 6.994018693156261 13
7.683371124360308 6.417779516182113 8
17.91345249171034 19.9301433177852 16
6.446028320595019 5.997766640337742 11
3.657771766646012 12.330339404094621 1
14.150261714148405 15.55213946922088 6
0.699595659627994 2.367701943713034 13
11.407421370734232 19.165568188356236 6
15.499531913266535 3.350814520362053 16
2.2984776843076005 5.764251081782574 9
16.81750444524362 2.7522405574182907 12
4.178907952239507 2.6067056106082775 19
1.1892529853033995 12.921768012615104 13
18.772806533906266 5.268875331517846 19
8.93630884302742 6.320837046638051 16
9.516733519687326 2.1387528341406115 20
1.9872777538428155 0.9072902299594054 4
10.687518549693834 17.992077272400422 2
0.9620724435923345 11.432249805461483 3
9.2928053926118 9.584479708238296 11
9.450618816847179 8.830606576086012 11
0.32142400284750794 8.341350316219865 2
18.94130306485551 14.564380166697665 16
12.478884098243064 4.077704541590204 10
10.886722144746992 5.082493899715788 16
7.183094523697024 13.83611509490982 16
8.297082064121362 11.179566509314347 18
1.9915750152083334 19.366322263895952 18
8.155377726094077 1.2510987486291736 7
5.150602847848211 8.179119409696229 4
19.512980347424563 11.50526533235883 8
9.201963485760004 10.801010847673888 8
11.606333442681727 0.3675336670810281 10
8.16175064219233 19.734478885968983 12
16.89821316940637 6.245185435287288 8
5.19745624062371 19.371191593349305 3
7.151090949883166 2.7284594533750384 11
0.06040148770715792 12.873657577418678 3
1.1365592079694475 18.535465260929787 9
15.737557558819544 7.657802387432464 15
15.849414077501148 16.48584418646526 15
12.796890162749069 2.3287327466053243 1
12.289984220233892 12.095991584102649 11
4.209110820040516 16.13864843036129 12
16.296429900237335 10.264150340254393 11
11.375539964843258 10.236531337193014 6
0.979598828598216 17.821656510041226 8
6.446212263425208 9.57215775873238 19
17.189933431605088 0.8286608492025205 11
14.211088804016356 9.821430646313429 9
12.246816590013442 13.200213209095836 15
11.457960552287803 13.93189449967284 18
10.555867216666769 2.0883694429254462 18
2.721870038575447 5.058362867586903 16
5.45509220482062 1.5000863641689377 7
16.66842011925722 17.095054782621897 11
3.5817161525464614 16.491876922868173 9
16.592080799018863 3.864550221296703 3
14.734914261881027 18.605014720513488 15
14.440961028477135 17.895755027769194 17
13.319128436950795 6.46916883777779 5
13.688412090255667 13.033328720280943 7
4.930612697205206 8.27079698772663 6
3.176704048890595 19.75526917750188 4
0.34707122319294736 5.58205178042483 1
15.676210672936321 0.6929703335152193 8
3.9065739604343963 12.770474442483938 17
9.694063873987218 0.38634041761956395 17
12.81454609481585 14.287032428915914 12
11.725249178648593 3.1258846248973304 8
1.5579992626246697 12.6978595504969 15
18.661620076097115 0.8716992102200405 6
8.45827754404099 12.63249697614502 7
3.756864497899073 14.532234889418907 17
6.172646382123679 10.144028439974171 1
9.934443654974833 10.523442832916077 18
5.881444427154001 19.779349445828906 20
5.795793524359998 15.384049951871635 3
17.484027652228754 6.04480251946711 2
2.065072658138918 1.9264784236546295 5
12.512356046306735 5.918336089820779 2
12.385422173551238 10.195063758498256 5
15.9991893852572 13.801268469994044 2
16.024732113153753 7.322171006352534 10
9.2597072195702 19.083170999795918 17
7.076267292520773 17.87360092794877 20
6.529723030049173 1.483328735890972 8
11.327856176414851 16.79566354685337 15
0.8210880960999778 3.8226482659708805 4
7.8605955754431855 12.729448430446112 17
8.096239759215747 11.443209554983966 4
12.22070738014752 11.217327515983076 17
18.17785659013832 0.6413633568011146 3
13.495578741754922 16.63492399768474 16
0.1354121296657529 12.11702603188451 8
19.272948746647145 5.527487003478364 2
6.533715742887227 0.5726248560392144 6
12.757672744177357 18.49107846243237 7
6.536978029921632 19.80973889098242 2
4.938360679511784 4.924850574611616 20
17.82076664246298 2.253520423193649 15
5.553943177511423 12.50693046132408 11
5.045572945575547 11.261884360937502 8
0.6936399503498492 9.172985219193347 11
8.37755985022371 3.3144961186487376 16
15.721813969652608 2.0944063723116324 11
12.646103928983033 10.36784713467098 12
14.348555334381615 11.838508827186143 14
15.75157617601959 14.058434953035885 18
10.777778486520795 10.567336758556838 10
2.7450945744208477 7.3254862015702615 8
15.031495615133357 12.682251205842832 9
1.6759677446969445 17.176251459980207 3
5.526130195167456 15.85202299634659 2
0.30795849325519375 1.5019531245487516 2
7.029735839136966 10.89825004883905 14
14.12689932292916 10.515259395094198 1
9.425390843967655 13.70928854996169 18
13.273931893041715 3.856650343001582 12
14.9321702362783 14.201785255313109 5
14.905471749285667 18.23951130840217 2
8.977827745264484 18.44245412481737 15
11.995601106426188 19.086966514383338 2
3.4149853469481672 5.648877794994398 17
3.7780660756992646 12.366715730022605 5
3.9677282189928964 18.34882715483641 15
16.857561752676087 0.9054346633374899 12
8.235915445993085 2.2148319582950338 4
11.605912360466696 7.370373974495148 18
11.93052117925018 1.9852033790550894 2
15.609980144544044 16.758859808626497 10
12.869325725707569 10.043491890444507 10
13.441060948146246 8.256364778378504 17
1.8074353899943474 16.78957524528361 4
13.734211728421128 17.535058103498184 7
3.6177066911331135 4.995338314720028 19
8.142886504553442 18.695184634121752 1
9.114768812299342 3.9589191163148874 15
0.6141246987860893 2.735317328918483 17
7.374480451767999 8.30474299638054 9
3.1889910411413624 10.078981228929448 11
6.427290186918146 18.541557513866536 10
15.566739464540646 13.547169349559748 12
14.741046875376698 12.856518290273469 6
4.551248348868942 9.80116680715219 15
3.359117019630029 19.665800966692935 13
0.6001336226899245 10.286713643968564 14
1.4823197081109707 13.433716802559186 3
18.489930175225005 2.2752672212278457 7
13.067987921198686 5.247171989883004 9
19.162960009287783 18.17145403422849 16
18.43887699690343 14.788332092815725 6
7.980730414774396 16.14802588435436 13
17.763765698083553 17.826265916759287 7
0.5313101136607545 1.2886831857405823 12
4.207189440324992 8.709116852999905 2
1.8522016628040716 7.462514569973864 7
10.113737577547578 4.289601202695927 15
4.4561873306393895 9.851752202042576 3
3.8311644455068072 12.63857191292528 13
8.772939926611327 10.342529826883418 5
10.299546733187878 17.38599474381687 13
8.576327757822874 12.247619085781505 15
10.150484674151134 4.60832669117708 9
13.367298537927075 7.299584204913905 7
16.238311689918778 7.116226348269105 5
19.459367107293943 5.1393258872678675 4
19.798351385110042 8.408569324675092 12
17.102892804031388 12.101139488973145 6
10.388822580210974 5.391984399458185 1
4.859379009240035 9.528188111006893 13
1.7509367401945442 4.719315502020844 13
19.047618171351814 14.61484632833174 8
3.380931443951809 7.1322705081270605 5
6.664457942784798 7.691463486992252 18
6.887894026782098 15.648497389732462 13
3.154260879763484 7.7899065803012775 15
19.503985097502316 12.589956400668065 20
17.44708419545938 19.950224276359826 2
8.96270740937608 4.705770000912457 4
0.2023815511084992 9.495706234540025 16
4.562149490219454 4.797063412790852 5
18.97266800653841 11.382708797389585 7
13.271223796025664 14.165003556071555 18
0.9930699152391709 18.5124836936909 18
13.019887734312704 12.821402821022643 15
15.420898774560044 17.364781602721916 14
4.711566077758375 1.7442799800761355 12
12.269488322762045 4.983825028337301 7
11.013048117323258 9.17607368283704 4
1.0956040274717882 11.138094000500354 11
10.448121947444793 8.59570918321521 15
14.228834906810269 2.8430715306649823 10
16.75667401024697 16.60540798643089 9
14.355949229007823 3.0173809773890947 18
16.6480203175572 12.068729787816144 11
13.44964597901824 11.050937829640379 17
9.550177502170346 18.641153538528023 15
15.552029243236218 11.552859213500788 15
16.3323883970061 8.922185512925997 19
16.5331278902749 8.146885428426856 5
16.25839182844104 19.32547640069435 1
3.9295346505286433 4.0994470033580654 8
16.272578787673808 13.597175424765659 18
15.156540492049027 10.284271295638998 6
15.359838638880145 11.873030179778016 14
19.937487688358686 13.55326360226325 11
3.7661652260776624 18.105808423288224 14
11.990078552830878 3.865004607320428 12
5.0578055644219955 12.79763527860845 13
14.274078310076437 4.091024405957395 16
6.753870890753239 19.237378440344056 5
8.646999489102203 8.211858503583917 6
3.6500795015986087 18.646567226813808 20
19.516741584624988 1.1062166788861805 8
17.513563138860142 6.205178165298692 20
16.945897887570528 5.977835376444873 7
16.497995720734213 7.972451627372736 3
15.455359358067309 8.477049713499486 9
14.733854813079414 4.399535253417164 18
16.812387850462287 12.226538138308602 13
19.119618264408523 0.3311442539870457 17
11.446776452994918 1.783495463501208 6
13.515115609426935 10.280071965048954 14
8.141778228862233 0.13395973125597926 1
16.369516147223028 6.710319268038745 11
15.13067410768987 17.717371273792825 8
5.18978191391946 6.984867938614913 6
3.378095904401377 12.774995503341577 8
2.898777854549861 16.52690274201747 10
12.75601148270562 13.406281545755705 14
8.942944728211286 1.0197834233407166 12
17.158138163138304 6.691318599518025 4
4.090545418512432 15.190928852495011 1
3.1188343911195937 15.501239701464552 2
4.94468070842963 12.004207969525666 4
13.003083178654833 3.1448445904045608 1
19.9814646670431 12.013900116150726 6
2.7897255563626744 5.94521137907172 12
19.79311265156392 1.8763893278457444 12
0.805646529395212 12.057236297105083 1
6.577696099246751 5.118657032140012 16
17.563524868711966 18.81617727597847 17
13.89251876841275 16.631115741720418 4
1.4863460455019206 7.034520997067832 5
6.037474921177783 18.472399128245037 10
16.691423261065026 6.7360886013848305 2
3.325928921081698 11.331768091875025 2
5.687826696091709 1.104134979554332 11
4.204988096948011 19.89278016966764 9
12.782406780912485 18.832445324547752 6
9.23651811187858 15.141456759378006 11
19.853959443640743 18.536645032119484 1
4.546013237671795 9.424893226365423 8
6.776430853361298 4.849009562818956 9
11.353632056347507 18.573803875616967 10
17.600808050650908 17.272394494995524 5
