12.320335482647087 0.5202891717010072 20
7.172282411038746 9.112058029875048 1
19.172603818785188 11.110449083561214 6
13.216985595088978 9.893978805726263 16
10.920576798013396 14.084481574264293 3
5.183165987945239 12.08611986068699 7
16.433925973835684 15.707375003654978 13
18.875508019205974 4.173268234474639 11
14.52920775816919 19.233827628137018 11
17.259254521309597 13.368653763204517 8
5.202131769682721 13.43169691597405 10
0.3395304614838812 11.471862128304437 2
14.64627647853461 3.0243242313592966 1
9.822141919706755 1.2264609373457236 8
0.8992648143233706 4.5155115344426715 11
1.3309019537205757 1.2481153525305544 14
2.7170146841449916 18.439670684415738 15
8.704263589092339 7.160702692263101 6
12.981513936640797 14.561284778534741 14
7.65336558366317 8.185688687998631 9
10.67411162426124 16.09201054806067 15
15.181720412066435 11.29456936143455 4
8.178676061921323 7.805977340238632 1
10.011085441444399 12.436879704721779 17
16.80103938764853 13.99203183474658 3
6.6010201331049885 16.802731130757277 6
4.935885361724813 0.43950616666144526 6
14.856234608245103 16.76687384898353 18
3.366295206217884 1.569772873398254 20
2.073169294075692 12.570634552465647 5
12.298742175395773 0.800976045798194 11
16.11789312035083 14.654379096108322 1
12.515283365908711 17.789573078798657 16
1.792386376614148 5.8546912180849064 5
9.162336325071019 10.148759835334044 6
14.709994309094277 8.094227215296888 9
16.066478713201455 18.888415454714483 1
6.21528394972414 18.01083315733488 18
9.378350671727585 0.6985665519405004 18
11.409985952391539 5.24893178553728 2
9.118354379395434 14.427754300835067 13
6.931776925326143 1.0230483145540603 9
14.79917004640106 0.6854708871126136 19
14.054180648314595 18.582461370494602 7
15.251946379135845 10.325220426958854 13
19.569091027140257 19.43733114758637 7
2.3199079284128876 19.634481717563077 8
11.722917061129792 14.401689102169875 12
3.2510202998461657 17.36096738270723 5
6.613169289561586 14.947898212087171 1
11.698653968626127 1.0250979013546324 5
19.046134255019005 7.263861490963491 10
6.460048630067574 15.655707628079993 20
8.620112536470742 3.400709331186531 5
11.372055119812694 8.837777394927716 11
18.587705941396614 18.972165990117897 16
18.19812058608076 13.284180584309638 9
14.945639016063922 3.7530917033919775 18
18.7215591108619 5.574144266514187 6
10.590592499056285 1.2657393006774398 6
11.59373910874928 18.83307628392029 18
12.100913432940652 15.09507945696079 9
6.227955413604205 0.2727023405885154 9
18.925079145757966 10.75740911472816 18
6.358602194501508 6.84527668207709 14
15.830276480571513 16.894832552362615 17
3.106660363770941 13.222552642433481 19
7.682891243836507 9.282611451971551 2
11.231973009173435 8.232727890709837 20
15.96954014958814 15.204717103883933 1
7.244448591633869 19.631020119988534 6
13.605159252063842 12.61816000260013 16
0.3828294174252833 14.705164022623663 19
17.83508527905936 5.489453104904534 14
1.5584904809505584 8.96359402488672 15
17.275254951253388 17.89918524128555 4
19.160084454458865 3.289719885661575 3
18.559725050143456 12.694978772810437 9
5.053711747708405 17.63574566807295 12
12.193779994213882 1.812584892961251 1
9.85036149784468 15.250536538743681 7
15.247048198863633 7.732500647844662 13
13.941982966683302 16.450976437094397 19
9.30625980415688 16.597046787856314 5
11.28830577589386 5.566995490806674 1
7.961854111213224 18.41840677286576 5
0.8317250134769116 11.318387071035614 12
7.220427394582809 1.3874659226497066 4
13.42792682954996 9.422044909465336 11
18.562651401961585 16.901239447967452 1
6.296020655728669 18.105347771237884 9
8.12833572490354 2.8426390283797898 5
8.084066043288868 6.1219570802885315 2
3.2582359202776057 17.856586148434303 16
14.106260782762375 14.325474614511197 2
14.596179250442962 10.392162806312921 18
13.823770395539379 13.946328853252734 13
18.99357351366004 6.8939670622567135 19
16.25998840969787 1.6145884334737937 6
16.265976021525777 4.0320902765096145 9
6.5587631911643784 14.173454382103973 9
10.348720093893302 9.129577129862163 5
15.133445993090032 8.97649937163688 5
0.7720228482103497 11.710054304743707 17
0.675913974042186 15.153838443172008 3
3.857740409433832 15.820374109826606 20
4.774425746838422 9.173407632449686 6
14.19061516726999 18.253374495388165 5
9.529711123037467 11.118401893550834 18
1.6483308107546324 10.353413573411522 1
16.259241815636315 1.5997417426081495 14
12.150817267942443 11.40548384958217 11
16.67019641072533 10.247988009759021 4
2.7221696550982477 18.510364893484933 6
14.675068426892146 0.38401608733675596 20
3.866857296845243 8.276725805609368 2
13.976839082130025 15.935328511821476 2
12.00897541158656 15.88897581567611 6
7.157672482490471 16.70385106308142 3
8.16452220887041 8.81413345858161 20
18.0368266433679 15.129354038212924 10
11.254714704914688 16.075310774689598 14
3.613325511021699 9.074581086993856 9
3.8098686857946418 7.753176996721736 12
1.926104444766883 0.5237333999252858 1
3.5417375570182963 12.320276601697792 1
6.456065394949293 15.81511475951264 16
9.530651581354503 17.15953261430917 18
17.242181659032873 15.814588186698241 9
0.555932469367586 10.317300572353309 3
6.672258728526477 19.102944746387884 16
19.362927233139825 3.085436956443768 17
12.510642976275534 5.741625720237282 2
0.014530178410767647 6.753821098336658 18
13.919536344242642 3.2111652455649176 6
12.80240069029287 4.8516282354524165 20
6.565409890651603 0.47696210189413835 13
0.8833711186685522 4.805809801171983 10
6.57138171345244 19.32449150654479 12
4.520802969280084 17.566874984018174 15
7.265728842692349 11.30761550933091 13
11.298369731122166 0.26935356291247103 19
0.1127422879546991 7.798152971039278 6
19.997631184589686 0.3901948072263739 11
10.20175918991816 0.7636404107816941 4
11.460025252621499 2.9538939562924527 5
13.47181853456037 7.597486494139272 1
8.374745016733403 11.360876547350657 11
14.224104620212124 18.450734784875934 12
10.20504910002095 10.666965454874589 3
2.595952511989843 11.322178193730332 12
19.321013703429216 8.630822434381294 14
4.912908594479257 7.63518590108059 13
4.801094479153263 9.623660802402974 19
1.3803536944958994 5.047374218399461 9
17.700793672589352 7.435932538262017 1
12.080665619910446 15.59189460792403 8
5.525636977002635 12.219331163401936 13
19.282380137756792 2.1332027814495547 2
2.884144740324588 7.848587785183742 14
14.620049278472486 19.529800473616742 14
18.49128635299485 14.263902822239153 20
9.23975172063396 3.3921757847809464 16
8.221923285575109 11.804097282649908 10
15.236618146831226 2.250313003875002 12
6.908415875240168 12.57209574544747 16
12.605394500302863 15.068613596842473 7
17.542773478826533 5.152646776571541 19
6.49342377424875 7.602269446018788 2
5.822208307897309 8.624267136290806 14
5.381375011080857 14.557517648961365 12
2.6832539040082826 2.2059788723481755 12
3.315160577181848 8.61154892693403 13
9.270386409188633 12.837893770749842 3
15.555900100682363 10.898262817592908 18
2.766014958803802 3.0593639921343163 6
4.564989809650555 10.506070574455872 16
7.1394823342350495 17.63743976106504 10
14.328942864123768 6.70344258609304 4
16.051235193429957 18.28257230737964 14
15.468412170293657 5.235370233538317 6
6.849472467299734 10.031229848941008 11
10.662628217810022 2.8916099536668227 13
19.69088207778323 14.875581496280258 10
4.69072921283443 18.2964783895939 13
6.930523274878421 18.974247048984953 17
6.123170400356566 8.202023803570269 14
16.258841916577932 13.66874098378702 5
2.9529242224868057 11.669841050426788 17
2.1362787033388897 15.585645980738992 7
11.915717667981996 12.062631395715655 17
2.2236991326032984 13.770864863979762 20
3.372745271899509 1.7075402726751188 2
0.20971717169858461 17.848232442463413 16
6.367073522230855 13.519492067788326 12
11.68505798230774 5.077669570824845 16
16.2417548560692 4.574313301255075 6
11.23290055269463 16.544835700791648 3
15.610399820859438 10.159841913106227 6
0.515630368513964 12.864230252737725 6
17.573177366515257 10.342790396347844 20
13.212974251521118 8.763708726783326 13
5.2825515003754315 11.748765279988513 13
3.4266997702687685 8.819253975889428 2
18.325140681124942 18.58967688714619 3
12.881143478783281 8.10376529910088 8
10.135902445527371 9.110496049986187 16
12.40005867210117 5.373836879903089 17
9.805599235116272 12.899751125885668 16
5.306139019283409 4.595412841588344 12
3.1907947812160264 17.04358512295167 5
9.138418893343799 19.248351762964116 16
7.864880497175493 19.060828746852636 18
1.8448281683812384 9.645838622696521 4
5.933873674433112 7.189257116893419 4
2.772669294243648 17.28123114358015 5
11.729898536015266 3.9700590084575516 2
17.240722686700998 11.165542408792284 20
9.806906538325169 13.808439985967356 16
11.190916202557165 17.494109538201158 11
17.451712056626757 13.714779169133998 8
4.533005579969442 16.77173673871729 10
5.489136908146164 0.17944134706711967 12
18.938082449869157 10.179568965214 11
1.8333198245617432 6.095312770257433 14
4.525139590943712 7.349982554252761 13
17.214634978500655 2.9095353531284385 10
18.717844515936317 14.847761359251093 16
13.20009796030439 15.631386244173047 10
7.686797471704554 2.58738261925465 4
8.023853056886638 10.00506056378044 16
4.5729502523216325 14.186009224346046 12
8.63844518026886 7.184279556974705 13
15.346479679092127 14.287389366784183 10
17.330292926026676 9.594549969374961 10
2.4125506648401984 3.0853228783630637 8
14.866435853681104 18.593028330188353 11
9.986103807195558 2.1994974734046036 13
19.50621700118734 9.296369033088464 15
19.600826492273878 19.532669931480953 19
16.569984349324038 4.413107734267275 13
10.044443653703564 9.73356116304643 11
10.358363342869541 0.03282518564094117 16
6.342904924492299 17.819571189552267 8
16.415324355301614 8.627024290586967 2
11.507653261924723 0.8087196061764401 3
5.269253134772425 14.508599091591174 6
2.2621642322574886 15.944215461410367 12
0.5652506997784501 19.057716286732834 1
7.653437187459611 0.0901346101844469 4
16.430112213588583 12.117576738438816 7
1.6312874467762106 9.321808695451246 1
10.404413923105304 12.427924848513117 14
1.335574319501489 3.5427057632773895 8
4.538994420814717 8.308500108410282 16
16.147635132129466 8.716270656899155 13
19.52131565888942 0.8239082419516119 9
0.5710553501264148 6.94137494323445 12
16.54156183262549 13.543581583188809 5
11.918046849523607 1.8410189824876588 4
14.296838209552664 5.45742258789118 5
12.416348721401611 13.177028914675757 13
4.141775902088858 19.51742509901929 11
4.033121380384587 10.160243287737687 4
11.191964016188754 13.862516866782393 16
2.4909444911773315 17.865339435292853 16
3.5735212944302863 10.955494096847671 5
8.324354328875902 7.544647615931912 19
10.10879625910421 16.401785585578658 8
9.076033867667633 7.020973038755587 14
0.47831348285058084 14.46827231169155 1
11.049276501664549 19.1715015119623 15
4.4796701415611695 4.8211895306731485 16
9.501912763862668 4.565189993516934 10
7.199542619778745 9.723708122886276 5
19.37738162749705 10.44760386414817 3
3.7521356791113436 18.655388879448903 4
18.92394498869731 3.1021486733572012 2
6.688807140296054 12.435719639832431 6
15.314965531235273 9.372015355571932 7
8.229384496226848 3.841033155845268 13
0.9426678399811061 18.962149441518726 11
17.753342503285413 13.641690735490112 17
3.752863216985318 6.5610298787360755 17
18.461690625962294 14.25153148938928 20
11.65388709813978 3.042967711916802 20
9.868886902757604 13.264063085725352 7
11.961275404897236 0.6581394736421853 16
18.099003375167918 16.870516287935892 18
14.622008978782828 0.01028791718810984 2
2.6833890740349475 8.864385615908576 20
4.479962089781644 13.690406994380682 17
8.510549504251294 12.914558147499797 10
17.708232057545313 6.7629901309951705 7
3.2642256278750637 11.147369421010893 12
14.350117808304176 7.816355293825097 11
16.91992014525074 9.371436844367267 5
4.3954835465780295 2.265935503191203 5
19.076904794037656 7.881120137976194 15
14.155082783191762 4.200399650949745 12
