1	1404	10003	4	8293
1	1403	10006	4	7790
1	1404	10002	4	7775
1	1403	10004	4	24093
1	1401	10001	4	7039
1	1404	10007	4	7724
1	1404	10001	4	7605
1	1405	10001	4	7415
1	1405	10006	4	7121
1	1404	10005	4	6110
1	1404	10003	4	7154
1	1403	10005	4	6699
1	1	12	3	5
1	1404	10002	4	5684
1	1404	10001	4	6569
1	1404	10006	4	5531
1	1404	10007	4	6498
1	1405	10001	4	6464
1	1403	10006	4	6098
1	1404	10005	4	5054
1	1405	10002	4	6073
1	1404	10004	4	5986
1	1404	10004	4	5945
1	1402	10003	4	5746
1	1405	10003	4	5835
1	1404	10005	4	4570
1	1405	10007	4	5690
1	1405	10003	4	5456
1	1404	10006	4	4461
1	1403	10001	4	5465
2	1	10	110	4
2	1	12	110	6
2	1	12	110	6
2	1	12	110	6
2	1	11	110	6
2	1	11	110	5
2	1	11	110	6
2	1	12	110	6
2	1	12	110	5
2	1	10	110	7
2	1	11	110	5
2	1	12	110	5
2	1	11	110	5
2	1	10	110	5
2	1401	10005	111	7893
2	1	12	110	5
2	1	10	110	5
2	1	11	110	6
2	1	11	110	5
2	1	11	110	4
2	1	10	110	6
2	1	11	110	5
2	1	12	110	5
2	1	11	110	5
2	1	12	110	6
2	1	10	110	6
2	1	11	110	6
2	1	11	110	4
2	1	10	110	5
2	1	11	110	6
1	1403	10004	4	12394
1	1404	10004	4	7988
1	1404	10005	4	7675
1	1403	10006	4	7671
1	1404	10001	4	7385
1	1404	10002	4	7144
1	1404	10005	4	6896
1	1405	10002	4	5970
1	1405	10007	4	6907
1	1404	10004	4	6562
1	1403	10001	4	5666
1	1	12	3	6
1	1404	10007	4	5544
1	1403	10001	4	6395
1	1404	10003	4	5317
1	1403	10003	4	6326
1	1403	10005	4	6183
1	1404	10001	4	5094
1	1404	10003	4	6085
1	1404	10006	4	4850
1	1405	10006	4	6118
1	1405	10002	4	5805
1	1403	10001	4	5620
1	1405	10004	4	5652
1	1404	10003	4	4566
1	1404	10002	4	5320
1	1405	10005	4	4542
1	1404	10002	4	4568
1	1404	10005	4	4340
1	1405	10003	4	5467
2	1	12	110	4
2	1	11	110	5
2	1	12	110	6
2	1	11	110	8
2	1	12	110	12
2	1	10	110	11
2	1	12	110	12
2	1	10	110	7
2	1	12	110	6
2	1	12	110	10
2	1	11	110	4
2	1	12	110	5
2	1	12	110	5
2	1	11	110	6
2	1	12	110	5
2	1	11	110	5
2	1	11	110	5
2	1	11	110	5
2	1	11	110	5
2	1	11	110	5
2	1	10	110	5
2	1	12	110	5
2	1	10	110	5
2	1	11	110	5
2	1	11	110	6
2	1	11	110	6
2	1	11	110	5
2	1	12	110	6
2	1	12	110	4
2	1	11	110	2
1	1404	10001	4	8247
1	1403	10005	4	7548
1	1406	10007	4	8113
1	1404	10005	4	7691
1	1403	10002	4	7407
1	1403	10006	4	7290
1	1404	10006	4	7100
1	1405	10006	4	7105
1	1405	10005	4	5843
1	1403	10001	4	5847
1	1406	10007	4	6626
1	1405	10004	4	6567
1	1406	10001	4	6483
1	1404	10001	4	6260
1	1404	10004	4	5845
1	1406	10007	4	6049
1	1404	10004	4	5936
1	1404	10006	4	5705
1	1407	10007	4	5758
1	1406	10005	4	4913
1	1402	10004	4	5509
1	1405	10004	4	5611
1	1404	10001	4	4395
1	1404	10002	4	5595
1	1405	10006	4	5524
1	1406	10007	4	4258
1	1404	10001	4	5263
1	1404	10002	4	5224
1	1404	10005	4	5329
1	1405	10006	4	5355
2	1	12	110	5
2	1	12	110	6
2	1	11	110	6
2	1	12	110	5
2	1410	10002	111	1617
2	1	12	110	6
2	1	11	110	6
2	1	11	110	3
2	1	12	110	5
2	1	12	110	5
2	1	11	110	5
2	1	11	110	5
2	1	10	110	5
2	1	12	110	5
2	1	10	110	5
2	1412	10007	111	1564
2	1	12	110	5
2	1	12	110	5
2	1	11	110	5
2	1	11	110	8
2	1	10	110	6
2	1	12	110	5
2	1	12	110	5
2	1	12	110	5
2	1	10	110	5
2	1	11	110	5
2	1	11	110	5
2	1	12	110	5
2	1	11	110	6
2	1410	10002	111	1568
3	1403	10005	16	6330
3	1403	10004	16	5713
3	1401	10003	16	6247
3	1402	10003	16	6321
3	1402	10006	16	6456
3	1403	10003	16	6318
3	1403	10007	16	5511
3	1402	10005	16	6446
3	1404	10001	16	6021
3	1403	10003	16	6316
3	1	10	15	7
3	1402	10007	16	5950
3	1401	10007	16	5459
3	1404	10007	16	5938
3	1403	10004	16	6058
3	1405	10007	16	6176
3	1404	10004	16	6624
3	1403	10001	16	5417
3	1404	10002	16	5382
3	1403	10006	16	5380
3	1404	10007	16	5396
3	1402	10006	16	5296
3	1404	10006	16	5336
3	1	12	15	8
3	1403	10004	16	5477
3	1403	10006	16	5877
3	1404	10003	16	5255
3	1403	10005	16	5819
3	1402	10005	16	5895
3	1401	10003	16	5923
4	1	12	283	21
4	1	10	283	21
4	1	11	283	17
4	1	11	283	27
4	1	11	283	30
4	1	10	283	20
4	1	12	283	20
4	1	11	283	21
4	1	10	283	21
4	1	12	283	22
4	1	11	283	20
4	1	11	283	21
4	1	12	283	20
4	1	11	283	20
4	1	10	283	21
4	1	11	283	21
4	1	10	283	10
4	1	12	283	8
4	1	12	283	20
4	1	11	283	29
4	1	10	283	21
4	1	12	283	21
4	1	11	283	23
4	1	10	283	20
4	1	11	283	20
4	1	11	283	21
4	1	10	283	20
4	1	11	283	20
4	1	11	283	21
4	1	10	283	22
5	1	12	126	32
5	1	12	126	31
5	1	11	126	32
5	1	11	126	32
5	1	11	126	31
5	1	10	126	31
5	1	12	126	31
5	1	11	126	40
5	1	11	126	32
5	1	10	126	32
5	1	11	126	32
5	1	11	126	31
5	1	12	126	31
5	1	10	126	31
5	1	11	126	32
5	1	11	126	31
5	1	11	126	31
5	1	12	126	46
5	1	11	126	34
5	1	12	126	33
5	1	12	126	33
5	1	11	126	33
5	1	12	126	34
5	1	12	126	33
5	1	10	126	32
5	1	11	126	35
5	1	11	126	31
5	1	12	126	32
5	1	12	126	31
5	1	11	126	33
6	1	12	702	55
6	1	12	702	120
6	1	12	702	109
6	1	12	702	115
6	1	11	702	111
6	1	11	702	108
6	1	12	702	115
6	1	10	702	110
6	1	11	702	116
6	1	12	702	108
6	1	11	702	83
6	1	12	702	54
6	1	12	702	111
6	1	10	702	110
6	1	11	702	59
6	1	12	702	109
6	1	11	702	114
6	1	12	702	110
1	1403	10005	4	7571
1	1403	10003	4	8125
1	1402	10002	4	7110
1	1405	10006	4	7254
1	1403	10004	4	7225
1	1404	10001	4	7920
1	1404	10002	4	6841
1	1404	10006	4	7537
1	1402	10001	4	7289
1	1403	10003	4	7155
1	1405	10006	4	7150
1	1402	10002	4	6410
1	1404	10001	4	6591
1	1403	10003	4	5924
1	1404	10004	4	6480
1	1405	10003	4	6492
1	1405	10006	4	6541
1	1405	10003	4	6059
1	1405	10007	4	6048
1	1405	10004	4	6008
1	1405	10007	4	5156
1	1403	10006	4	5012
1	1	12	3	6
1	1407	10005	4	5861
1	1404	10001	4	5747
1	1405	10006	4	4461
1	1405	10006	4	5520
1	1404	10001	4	5488
1	1404	10003	4	5358
1	1404	10001	4	5349
2	1406	10003	111	7393
2	1	11	110	6
2	1	12	110	5
2	1412	10002	111	7393
2	1	11	110	5
2	1	11	110	6
2	1	11	110	5
2	1	11	110	5
2	1	10	110	5
2	1	12	110	5
2	1	12	110	5
2	1	11	110	5
2	1	11	110	5
2	1	11	110	6
2	1	11	110	6
2	1	12	110	6
2	1402	10006	111	7572
2	1	12	110	5
2	1	11	110	5
2	1	12	110	5
2	1	11	110	5
2	1	11	110	6
2	1	11	110	5
2	1	12	110	5
2	1	12	110	5
2	1	12	110	5
2	1	12	110	5
2	1	11	110	7
2	1	11	110	4
2	1	10	110	6
3	1403	10004	16	6258
3	1403	10006	16	7117
3	1403	10007	16	6885
3	1403	10001	16	7497
3	1404	10007	16	6289
3	1402	10005	16	5984
3	1403	10007	16	6365
3	1403	10006	16	6806
3	1404	10005	16	8268
3	1403	10003	16	5941
3	1402	10005	16	7307
3	1403	10007	16	10643
3	1404	10006	16	6692
3	1402	10004	16	6792
3	1402	10001	16	8716
3	1401	10003	16	9391
3	1404	10004	16	6495
3	1403	10006	16	6772
3	1403	10003	16	5544
3	1	12	15	6
3	1403	10004	16	6943
3	1403	10002	16	5484
3	1	11	15	7
3	1401	10002	16	5543
3	1402	10006	16	5567
3	1403	10002	16	6608
3	1403	10007	16	5630
3	1	12	15	6
3	1404	10002	16	5504
3	1404	10002	16	5392
4	1	11	283	23
4	1	12	283	21
4	1	12	283	21
4	1	12	283	22
4	1	12	283	21
4	1	11	283	21
4	1	11	283	22
4	1	10	283	22
4	1	12	283	22
4	1	11	283	21
4	1	11	283	20
4	1	10	283	21
4	1	11	283	21
4	1	12	283	21
4	1	11	283	21
4	1	11	283	24
4	1	12	283	24
4	1	10	283	21
4	1	12	283	23
4	1	12	283	33
4	1	10	283	24
4	1	10	283	23
4	1	11	283	21
4	1	11	283	21
4	1	11	283	20
4	1	12	283	22
4	1	11	283	20
4	1	11	283	19
4	1	10	283	20
4	1	10	283	21
1	1403	10007	4	8282
1	1403	10002	4	7553
1	1404	10003	4	7823
1	1405	10005	4	7804
1	1405	10005	4	7589
1	1405	10007	4	7320
1	1403	10007	4	6372
1	1404	10002	4	7047
1	1405	10007	4	6938
1	1402	10002	4	5861
1	1404	10003	4	6678
1	1405	10002	4	6496
1	1404	10002	4	6502
1	1405	10004	4	6254
1	1	12	3	4
1	1402	10005	4	5108
1	1404	10004	4	5214
1	1404	10003	4	5249
1	1404	10005	4	5129
1	1403	10002	4	6153
1	1404	10007	4	5988
1	1404	10005	4	5888
1	1402	10004	4	4705
1	1403	10003	4	5797
1	1403	10003	4	4627
1	1402	10005	4	4695
1	1405	10002	4	5793
1	1404	10001	4	5633
1	1404	10006	4	5559
1	1405	10007	4	4356
2	1	11	110	4
2	1	12	110	6
2	1	10	110	5
2	1	11	110	6
2	1	11	110	5
2	1	11	110	4
2	1	11	110	5
2	1	12	110	6
2	1	11	110	5
2	1	11	110	5
2	1	12	110	5
2	1	12	110	4
2	1	11	110	6
2	1	12	110	6
2	1	10	110	6
2	1	12	110	5
2	1	12	110	6
2	1	11	110	5
2	1	10	110	4
2	1	12	110	5
2	1	10	110	5
2	1	10	110	5
2	1	10	110	5
2	1	11	110	5
2	1	12	110	5
2	1404	10005	111	7590
2	1	10	110	3
2	1	12	110	5
2	1	11	110	2
2	1	12	110	6
1	1404	10007	4	7704
1	1403	10007	4	7876
1	1402	10002	4	7665
1	1403	10003	4	8054
1	1404	10007	4	7908
1	1402	10003	4	7020
1	1404	10004	4	7951
1	1404	10002	4	7261
1	1404	10004	4	7445
1	1403	10001	4	7113
1	1404	10004	4	6276
1	1404	10002	4	6887
1	1403	10007	4	5931
1	1404	10005	4	6841
1	1403	10001	4	6213
1	1405	10007	4	6825
1	1405	10001	4	6481
1	1406	10006	4	6713
1	1403	10005	4	6214
1	1406	10002	4	6421
1	1404	10001	4	6037
1	1405	10004	4	4833
1	1404	10004	4	4810
1	1405	10006	4	5875
1	1404	10006	4	4618
1	1403	10004	4	5686
1	1404	10003	4	5517
1	1404	10002	4	5522
1	1404	10004	4	5524
1	1403	10001	4	5493
2	1	12	110	7
2	1	12	110	1
2	1	10	110	5
2	1	11	110	8
2	1	11	110	7
2	1	10	110	6
2	1	10	110	6
2	1	11	110	8
2	1	12	110	7
2	1	12	110	11
2	1	12	110	5
2	1	11	110	8
2	1	11	110	4
2	1	11	110	7
2	1	11	110	7
2	1	12	110	5
2	1	12	110	6
2	1	11	110	5
2	1	12	110	6
2	1	12	110	5
2	1	12	110	6
2	1	10	110	5
2	1	12	110	6
2	1	10	110	5
2	1	12	110	5
2	1	11	110	5
2	1	12	110	5
2	1	12	110	5
2	1	10	110	5
2	1	11	110	5
1	1405	10007	4	8517
1	1403	10001	4	8968
1	1403	10006	4	8050
1	1403	10002	4	8396
1	1404	10002	4	7719
1	1404	10001	4	7702
1	1403	10001	4	7379
1	1405	10001	4	7259
1	1406	10006	4	7193
1	1403	10001	4	6994
1	1405	10007	4	6461
1	1405	10005	4	6344
1	1406	10006	4	6482
1	1405	10006	4	6222
1	1403	10002	4	5921
1	1403	10003	4	5967
1	1405	10003	4	6139
1	1406	10002	4	5972
1	1404	10004	4	5752
1	1406	10006	4	5391
1	1404	10006	4	5490
1	1403	10001	4	5685
1	1405	10005	4	4508
1	1405	10005	4	5715
1	1404	10001	4	5512
1	1404	10006	4	4426
1	1404	10001	4	5469
1	1403	10002	4	5593
1	1404	10002	4	5603
1	1404	10007	4	4311
2	1	11	110	5
2	1	10	110	6
2	1	12	110	5
2	1	11	110	7
2	1409	10001	111	8203
2	1	11	110	6
2	1	12	110	5
2	1	12	110	6
2	1	12	110	6
2	1	10	110	4
2	1	10	110	6
2	1	10	110	4
2	1	11	110	7
2	1	12	110	6
2	1	12	110	6
2	1	10	110	4
2	1	12	110	5
2	1	10	110	7
2	1	10	110	5
2	1	12	110	6
2	1	11	110	5
2	1	12	110	6
2	1	11	110	5
2	1	12	110	7
2	1	11	110	6
2	1	11	110	5
2	1	12	110	5
2	1	10	110	6
2	1	11	110	3
2	1	12	110	6
3	1	11	15	6
3	1	12	15	7
3	1	12	15	7
3	1402	10004	16	7667
3	1402	10007	16	6290
3	1403	10005	16	26571
3	1	12	15	10
3	1	12	15	8
3	1402	10002	16	7755
3	1402	10004	16	5673
3	1	10	15	5
3	1403	10005	16	6610
3	1403	10004	16	6685
3	1401	10001	16	7487
3	1404	10005	16	6867
3	1402	10005	16	7543
3	1401	10005	16	6472
3	1403	10007	16	5593
3	1402	10006	16	5578
3	1402	10005	16	5777
3	1402	10003	16	7005
3	1402	10001	16	7119
3	1403	10004	16	6523
3	1403	10005	16	6072
3	1403	10005	16	6765
3	1402	10003	16	5390
3	1	12	15	6
3	1401	10002	16	9742
3	1402	10004	16	5461
3	1403	10003	16	6761
4	1	12	283	20
4	1	12	283	20
4	1	11	283	21
4	1	11	283	22
4	1	12	283	20
4	1	11	283	17
4	1	11	283	20
4	1	10	283	31
4	1	11	283	20
4	1	11	283	21
4	1	11	283	21
4	1	10	283	20
4	1	12	283	20
4	1	12	283	21
4	1	12	283	28
4	1	11	283	18
4	1	12	283	21
4	1	12	283	20
4	1	12	283	23
4	1	11	283	21
4	1	11	283	20
4	1	12	283	20
4	1	11	283	21
4	1	11	283	20
4	1	11	283	20
4	1	11	283	13
4	1	11	283	20
4	1	12	283	21
4	1	10	283	21
4	1	10	283	20
1	1631	10002	4	9890
1	1634	10005	4	11588
1	1633	10004	4	9935
1	1634	10002	4	9336
1	1635	10005	4	9387
1	1635	10004	4	9907
1	1632	10001	4	8026
1	1633	10006	4	8883
1	1634	10005	4	9261
1	1634	10004	4	8932
1	1633	10002	4	8575
1	1634	10004	4	7051
1	1634	10004	4	8575
1	1634	10003	4	7168
1	1634	10004	4	8338
1	1633	10001	4	8433
1	1635	10003	4	6781
1	1633	10004	4	6683
1	1633	10006	4	6599
1	1633	10002	4	8173
1	1634	10006	4	7926
1	1633	10002	4	7331
1	1634	10004	4	6283
1	1634	10004	4	7859
1	1634	10003	4	7783
1	1634	10004	4	7467
1	1635	10005	4	7774
1	1634	10002	4	7511
1	1634	10006	4	6714
1	1634	10004	4	9394
2	1	12	110	5
2	1641	10002	111	10446
2	1	10	110	8
2	1	11	110	7
2	1	11	110	5
2	1	10	110	6
2	1638	10002	111	10071
2	1	11	110	7
2	1635	10006	111	10190
2	1	11	110	7
2	1	12	110	5
2	1	11	110	7
2	1	12	110	6
2	1	12	110	6
2	1	12	110	8
2	1	11	110	6
2	1631	10004	111	2149
2	1	11	110	7
2	1	11	110	7
2	1	11	110	7
2	1	11	110	7
2	1	11	110	7
2	1	11	110	6
2	1	10	110	9
2	1	12	110	7
2	1	10	110	6
2	1	11	110	7
2	1	11	110	7
2	1	12	110	7
2	1	10	110	6
3	1631	10002	16	8867
3	1631	10005	16	10801
3	1633	10005	16	8016
3	1631	10002	16	7989
3	1	12	15	6
3	1630	10002	16	7914
3	1630	10002	16	10847
3	1632	10004	16	9746
3	1633	10003	16	11748
3	1631	10004	16	8340
3	1629	10001	16	8922
3	1631	10006	16	9759
3	1630	10004	16	9250
3	1630	10001	16	8022
3	1633	10001	16	7973
3	1633	10006	16	9305
3	1631	10001	16	9031
3	1634	10002	16	8951
3	1632	10006	16	8106
3	1631	10001	16	7886
3	1632	10006	16	8298
3	1632	10004	16	8012
3	1628	10004	16	7878
3	1631	10003	16	8198
3	1631	10005	16	9318
3	1630	10004	16	7669
3	1631	10001	16	9066
3	1632	10001	16	10620
3	1631	10004	16	8604
3	1	12	15	4
4	1	10	283	24
4	1	11	283	23
4	1	12	283	22
4	1	12	283	23
4	1	11	283	22
4	1	10	283	22
4	1	11	283	21
4	1	11	283	28
4	1	10	283	22
4	1	11	283	22
4	1	10	283	24
4	1	10	283	25
4	1	12	283	37
4	1	12	283	30
4	1	12	283	31
4	1	12	283	27
4	1	11	283	26
4	1	11	283	23
4	1	10	283	23
4	1	12	283	23
4	1	12	283	24
4	1	12	283	22
4	1	11	283	26
4	1	12	283	26
4	1	12	283	24
4	1	10	283	25
4	1	11	283	23
4	1	10	283	29
4	1	12	283	24
4	1	11	283	28
1	1632	10003	4	13653.00
2	1629	10004	111	2911.00
3	1	10	15	10.00
4	1	12	283	24.00
1	1634	10005	4	17517.00
1	1635	10006	4	15100.00
1	1633	10006	4	13034.00
1	1630	10001	4	17157.00
1	1634	10005	4	15005.00
1	1632	10005	4	13990.00
1	1636	10006	4	14541.00
1	1633	10003	4	15640.00
1	1634	10001	4	11273.00
1	1633	10003	4	12827.00
1	1635	10006	4	14874.00
1	1634	10005	4	12700.00
1	1634	10002	4	15322.00
1	1633	10005	4	14155.00
1	1635	10006	4	11594.00
1	1	12	3	5.00
1	1636	10002	4	10906.00
1	1634	10001	4	10505.00
1	1635	10006	4	10074.00
1	1633	10004	4	7817.00
1	1634	10001	4	9906.00
1	1633	10003	4	7554.00
1	1631	10002	4	7527.00
1	1634	10003	4	9271.00
1	1634	10004	4	14498.00
1	1633	10006	4	15780.00
1	1633	10001	4	13059.00
1	1635	10005	4	11021.00
1	1634	10003	4	10799.00
1	1633	10002	4	10521.00
2	1628	10004	111	22952.00
2	1	10	110	13.00
2	1	11	110	12.00
2	1	12	110	12.00
2	1629	10002	111	26086.00
2	1	11	110	11.00
2	1	12	110	16.00
2	1	12	110	18.00
2	1	12	110	15.00
2	1	12	110	15.00
2	1641	10005	111	24062.00
2	1	11	110	17.00
2	1	10	110	12.00
2	1	10	110	9.00
2	1628	10004	111	25895.00
2	1629	10005	111	25429.00
2	1	11	110	13.00
2	1	12	110	13.00
2	1	11	110	15.00
2	1	12	110	13.00
2	1	11	110	13.00
2	1628	10002	111	22045.00
2	1	12	110	8.00
2	1	11	110	13.00
2	1	11	110	9.00
2	1	12	110	13.00
2	1	10	110	12.00
2	1	11	110	16.00
2	1	11	110	14.00
2	1	12	110	14.00
3	1	12	15	12.00
3	1633	10004	16	8954.00
3	1632	10006	16	10247.00
3	1631	10005	16	10044.00
3	1630	10006	16	8984.00
3	1633	10006	16	8952.00
3	1631	10002	16	9190.00
3	1629	10002	16	10414.00
3	1	12	15	7.00
3	1	12	15	6.00
3	1631	10004	16	9014.00
3	1632	10003	16	10662.00
3	1632	10006	16	8954.00
3	1631	10001	16	8771.00
3	1632	10002	16	10782.00
3	1631	10003	16	8492.00
3	1633	10003	16	8822.00
3	1631	10006	16	9869.00
3	1	11	15	11.00
3	1632	10005	16	8637.00
3	1631	10005	16	10156.00
3	1631	10003	16	10602.00
3	1630	10001	16	9403.00
3	1632	10002	16	8784.00
3	1632	10002	16	10972.00
3	1630	10005	16	8729.00
3	1634	10006	16	13664.00
3	1631	10002	16	12277.00
3	1631	10004	16	9050.00
3	1631	10001	16	10089.00
4	1	12	283	33.00
4	1	11	283	34.00
4	1	11	283	22.00
4	1	12	283	34.00
4	1	11	283	41.00
4	1	11	283	28.00
4	1	12	283	32.00
4	1	12	283	33.00
4	1	12	283	33.00
4	1	12	283	37.00
4	1	11	283	33.00
4	1	11	283	26.00
4	1	11	283	27.00
4	1	12	283	37.00
4	1	12	283	39.00
4	1	10	283	33.00
4	1	11	283	34.00
4	1	12	283	39.00
4	1	11	283	36.00
4	1	11	283	43.00
4	1	11	283	36.00
4	1	12	283	37.00
4	1	11	283	35.00
4	1	11	283	45.00
4	1	12	283	37.00
4	1	10	283	37.00
4	1	11	283	33.00
4	1	12	283	33.00
4	1	11	283	36.00
4	1	10	283	36.00
5	1	12	126	37.00
5	1	11	126	35.00
5	1	11	126	40.00
5	1	10	126	43.00
5	1	12	126	46.00
5	1	12	126	42.00
5	1	12	126	39.00
5	1	11	126	38.00
5	1	11	126	36.00
5	1	12	126	38.00
5	1	12	126	42.00
5	1	10	126	42.00
5	1	11	126	42.00
5	1	11	126	38.00
5	1	10	126	35.00
5	1	10	126	36.00
5	1	11	126	36.00
5	1	10	126	36.00
5	1	11	126	37.00
5	1	11	126	35.00
5	1	12	126	41.00
5	1	12	126	37.00
5	1	10	126	36.00
5	1	12	126	39.00
5	1	12	126	41.00
5	1	11	126	40.00
5	1	12	126	37.00
5	1	11	126	36.00
5	1	11	126	34.00
5	1	10	126	36.00
6	1	12	715	142.00
6	1	11	715	138.00
6	1	10	715	155.00
6	1	11	715	153.00
6	1	12	715	144.00
6	1	10	715	83.00
6	1	11	715	79.00
6	1	12	715	158.00
6	1	10	715	152.00
6	1	12	715	152.00
6	1	12	715	155.00
6	1	12	715	145.00
6	1	11	715	126.00
6	1	11	715	149.00
6	1	12	715	167.00
6	1	11	715	163.00
6	1	11	715	154.00
6	1	11	715	145.00
6	1	11	715	144.00
6	1	10	715	149.00
6	1	11	715	64.00
6	1	10	715	168.00
6	1	12	715	160.00
6	1	11	715	123.00
6	1	12	715	143.00
6	1	10	715	144.00
6	1	11	715	146.00
6	1	12	715	165.00
6	1	12	715	172.00
6	1	10	715	31.00
7	1	10	384	144.00
7	1	10	384	165.00
7	1	11	384	154.00
7	1	10	384	155.00
7	1	12	384	154.00
7	1	12	384	142.00
7	1	11	384	145.00
7	1	10	384	148.00
7	1	10	384	157.00
7	1	11	384	244.00
7	1	10	384	169.00
7	1	12	384	152.00
7	1	11	384	176.00
7	1	12	384	154.00
7	1	11	384	147.00
7	1	11	384	147.00
7	1	12	384	172.00
7	1	12	384	171.00
7	1	10	384	155.00
7	1	11	384	139.00
7	1	10	384	142.00
7	1	11	384	160.00
7	1	12	384	147.00
7	1	10	384	174.00
7	1	10	384	155.00
7	1	10	384	154.00
7	1	11	384	143.00
7	1	11	384	142.00
7	1	12	384	157.00
7	1	12	384	164.00
7	1	10	384	152.00
7	1	12	384	141.00
7	1	10	384	143.00
7	1	10	384	146.00
7	1	11	384	153.00
7	1	11	384	142.00
7	1	10	384	139.00
7	1	11	384	143.00
7	1	11	384	144.00
7	1	11	384	151.00
7	1	11	384	146.00
7	1	10	384	143.00
7	1	12	384	156.00
7	1	11	384	149.00
7	1	12	384	142.00
7	1	12	384	148.00
7	1	12	384	146.00
7	1	12	384	146.00
7	1	10	384	146.00
7	1	10	384	147.00
7	1	12	384	143.00
7	1	12	384	140.00
7	1	11	384	153.00
7	1	10	384	164.00
7	1	12	384	156.00
7	1	11	384	140.00
7	1	11	384	145.00
7	1	12	384	141.00
7	1	10	384	163.00
7	1	11	384	139.00
8	1	10	1517	559.00
8	1	12	1517	542.00
8	1	11	1517	399.00
8	1	11	1517	525.00
8	1	12	1517	557.00
8	1	11	1517	183.00
8	1	12	1517	550.00
8	1	11	1517	535.00
8	1	12	1517	512.00
8	1	12	1517	559.00
10	1	11	3112	1422.00
4	1	10	232	33.00
4	1	11	232	27.00
4	1	12	232	41.00
4	1	10	232	14.00
4	1	12	232	30.00
4	1	12	232	33.00
4	1	12	232	35.00
4	1	11	232	30.00
4	1	11	232	15.00
4	1	10	232	20.00
4	1	12	232	18.00
4	1	11	232	23.00
4	1	11	232	6.00
4	1	11	232	29.00
4	1	12	232	20.00
4	1	11	232	21.00
4	1	10	232	29.00
4	1	11	232	27.00
4	1	11	232	29.00
4	1	11	232	14.00
4	1	10	232	29.00
4	1	11	232	18.00
4	1	11	232	29.00
4	1	10	232	36.00
4	1	10	232	35.00
4	1	11	232	36.00
4	1	10	232	33.00
4	1	11	232	36.00
4	1	12	232	30.00
4	1	11	232	29.00
5	1	11	145	39.00
5	1	11	145	43.00
5	1	11	145	43.00
5	1	11	145	45.00
5	1	12	145	40.00
5	1	11	145	41.00
5	1	11	145	37.00
5	1	12	145	39.00
5	1	10	145	38.00
5	1	10	145	37.00
5	1	11	145	39.00
5	1	10	145	42.00
5	1	11	145	39.00
5	1	11	145	48.00
5	1	10	145	39.00
5	1	12	145	38.00
5	1	11	145	45.00
5	1	10	145	43.00
5	1	11	145	50.00
5	1	11	145	45.00
5	1	10	145	39.00
5	1	11	145	42.00
5	1	10	145	38.00
5	1	12	145	50.00
5	1	11	145	77.00
5	1	12	145	54.00
5	1	12	145	47.00
5	1	11	145	40.00
5	1	11	145	41.00
5	1	11	145	38.00
4	1	10	232	30.00
4	1	11	232	18.00
4	1	11	232	29.00
4	1	11	232	25.00
4	1	11	232	30.00
4	1	11	232	29.00
4	1	12	232	29.00
4	1	11	232	29.00
4	1	11	232	30.00
4	1	11	232	26.00
4	1	11	232	22.00
4	1	12	232	19.00
4	1	12	232	30.00
1	16288	100004	8	81210.00
1	16303	100002	8	71827.00
1	16301	100001	8	64518.00
1	1	12	7	3.00
1	1	11	7	6.00
1	16327	100006	8	72992.00
1	16331	100005	8	80787.00
1	16290	100004	8	57070.00
1	16304	100004	8	60162.00
1	1	10	7	5.00
1	16318	100005	8	68803.00
1	1	12	7	5.00
1	16303	100006	8	56070.00
1	16315	100003	8	70513.00
1	16308	100003	8	64422.00
1	16296	100003	8	64206.00
1	1	11	7	3.00
1	16325	100001	8	84078.00
1	1	11	7	4.00
1	16280	100001	8	42593.00
1	16291	100004	8	57793.00
1	16312	100006	8	60168.00
1	16282	100003	8	47296.00
1	1	11	7	4.00
1	16318	100005	8	67490.00
1	16285	100001	8	50921.00
1	16308	100004	8	66774.00
1	16283	100001	8	49170.00
1	16293	100002	8	54428.00
1	16306	100003	8	63764.00
2	1	12	163	25.00
2	1	12	163	25.00
2	1	11	163	25.00
2	1	11	163	25.00
2	1	11	163	25.00
2	1	12	163	29.00
2	1	11	163	25.00
2	1	11	163	25.00
2	1	11	163	24.00
2	1	12	163	24.00
2	1	11	163	25.00
2	1	12	163	24.00
2	1	12	163	24.00
2	1	11	163	25.00
2	1	11	163	28.00
2	1	10	163	26.00
2	1	12	163	25.00
2	1	10	163	33.00
2	1	12	163	26.00
2	1	12	163	25.00
2	1	12	163	24.00
2	1	11	163	20.00
2	1	12	163	25.00
2	1	11	163	24.00
2	1	11	163	24.00
2	1	11	163	25.00
2	1	11	163	24.00
2	1	11	163	25.00
2	1	11	163	25.00
2	1	11	163	24.00
3	1	10	38	15.00
3	1	11	38	15.00
3	1	11	38	15.00
3	1	10	38	15.00
3	1	10	38	16.00
3	1	10	38	15.00
3	1	11	38	15.00
3	1	11	38	15.00
3	1	11	38	15.00
3	1	10	38	15.00
3	1	12	38	15.00
3	1	10	38	15.00
3	1	10	38	17.00
3	1	10	38	15.00
3	1	11	38	16.00
3	1	12	38	16.00
3	1	11	38	16.00
3	16399	100002	39	52832.00
3	1	12	38	14.00
3	1	12	38	14.00
3	1	12	38	15.00
3	1	11	38	18.00
3	1	10	38	19.00
3	1	11	38	15.00
3	1	12	38	16.00
3	1	11	38	16.00
3	1	12	38	20.00
3	1	12	38	16.00
3	1	12	38	15.00
3	1	10	38	14.00
4	1	11	232	23.00
4	1	12	232	31.00
4	1	10	232	31.00
4	1	10	232	31.00
4	1	10	232	11.00
4	1	12	232	32.00
4	1	10	232	33.00
4	1	11	232	32.00
4	16345	100005	233	329315.00
4	1	10	232	22.00
4	1	10	232	33.00
4	1	10	232	10.00
4	1	11	232	24.00
4	1	11	232	30.00
4	16430	100003	233	45840.00
4	1	12	232	30.00
4	1	12	232	28.00
4	1	11	232	29.00
4	1	11	232	20.00
4	1	10	232	25.00
4	1	11	232	28.00
4	16336	100005	233	42567.00
4	16400	100003	233	43139.00
4	1	11	232	29.00
4	1	11	232	29.00
4	16494	100006	233	44576.00
4	1	11	232	9.00
4	1	11	232	9.00
4	1	11	232	28.00
4	1	12	232	28.00
5	1	10	145	37.00
5	1	12	145	37.00
5	1	12	145	36.00
5	1	10	145	37.00
5	1	12	145	38.00
5	1	10	145	38.00
5	1	11	145	40.00
5	1	10	145	37.00
5	1	11	145	43.00
5	1	12	145	42.00
5	1	12	145	39.00
5	1	11	145	41.00
5	1	12	145	41.00
5	1	12	145	38.00
5	1	10	145	38.00
5	1	10	145	37.00
5	1	11	145	42.00
5	1	12	145	40.00
5	1	11	145	40.00
5	1	10	145	39.00
5	1	11	145	40.00
5	1	12	145	37.00
5	1	12	145	39.00
5	1	11	145	39.00
5	1	11	145	38.00
5	1	11	145	37.00
5	1	12	145	41.00
5	1	11	145	42.00
5	1	11	145	43.00
5	1	10	145	40.00
6	1	11	754	111.00
6	1	12	754	153.00
6	1	10	754	152.00
6	1	11	754	146.00
6	1	12	754	143.00
6	1	11	754	136.00
6	1	12	754	155.00
6	1	11	754	152.00
6	1	11	754	151.00
6	1	12	754	154.00
6	1	12	754	150.00
6	1	11	754	61.00
6	1	11	754	143.00
6	1	10	754	153.00
6	1	11	754	158.00
6	1	10	754	119.00
6	1	12	754	158.00
6	1	11	754	83.00
6	1	11	754	144.00
6	1	12	754	141.00
6	1	12	754	151.00
6	1	10	754	158.00
6	1	10	754	147.00
6	1	12	754	144.00
6	1	11	754	149.00
6	1	12	754	153.00
6	1	11	754	59.00
6	1	10	754	162.00
6	1	12	754	161.00
6	1	10	754	78.00
7	1	12	338	129.00
7	1	11	338	142.00
7	1	12	338	140.00
7	1	10	338	130.00
7	1	11	338	138.00
7	1	11	338	139.00
7	1	11	338	152.00
7	1	11	338	128.00
7	1	11	338	139.00
7	1	10	338	138.00
7	1	11	338	129.00
7	1	12	338	137.00
7	1	12	338	130.00
7	1	12	338	143.00
7	1	12	338	141.00
7	1	12	338	136.00
7	1	11	338	128.00
7	1	11	338	129.00
7	1	11	338	131.00
7	1	11	338	124.00
7	1	11	338	130.00
7	1	10	338	143.00
7	1	11	338	145.00
7	1	11	338	138.00
7	1	11	338	136.00
7	1	10	338	134.00
7	1	12	338	149.00
7	1	10	338	129.00
7	1	12	338	173.00
7	1	12	338	143.00
8	1	12	1517	521.00
8	1	11	1517	225.00
8	1	11	1517	496.00
8	1	11	1517	530.00
8	1	11	1517	229.00
8	1	10	1517	229.00
8	1	11	1517	555.00
8	1	11	1517	310.00
8	1	11	1517	405.00
8	1	10	1517	103.00
8	1	11	1517	248.00
8	1	11	1517	386.00
8	1	10	1517	507.00
8	1	12	1517	521.00
8	1	10	1517	451.00
8	1	12	1517	558.00
8	1	11	1517	524.00
8	1	11	1517	347.00
8	1	12	1517	503.00
8	1	11	1517	471.00
8	1	11	1517	227.00
8	1	11	1517	525.00
8	1	10	1517	443.00
8	1	10	1517	527.00
8	1	11	1517	511.00
8	1	11	1517	526.00
8	1	12	1517	542.00
8	1	12	1517	502.00
8	1	10	1517	562.00
8	1	12	1517	484.00
9	1	11	823	626.00
9	1	11	823	632.00
9	1	10	823	653.00
9	1	11	823	615.00
9	1	10	823	703.00
9	1	11	823	765.00
9	1	10	823	799.00
9	1	11	823	938.00
9	1	12	823	707.00
9	1	11	823	651.00
9	1	11	823	624.00
9	1	12	823	637.00
9	1	10	823	658.00
9	1	10	823	599.00
9	1	11	823	634.00
9	1	10	823	636.00
9	1	11	823	621.00
9	1	10	823	662.00
9	1	10	823	616.00
9	1	11	823	617.00
9	1	12	823	627.00
9	1	11	823	640.00
9	1	11	823	615.00
9	1	12	823	712.00
9	1	11	823	706.00
9	1	11	823	665.00
9	1	10	823	637.00
9	1	10	823	617.00
9	1	11	823	594.00
9	1	12	823	655.00
10	1	12	3112	586.00
10	1	12	3112	152.00
10	1	11	3112	2020.00
10	1	12	3112	2220.00
10	1	11	3112	2255.00
10	1	10	3112	904.00
10	1	11	3112	1744.00
10	1	12	3112	2319.00
10	1	12	3112	1105.00
10	1	11	3112	2237.00
10	1	11	3112	2241.00
10	1	11	3112	146.00
10	1	10	3112	2207.00
10	1	11	3112	1616.00
10	1	11	3112	1823.00
10	1	12	3112	35.00
10	1	12	3112	2301.00
10	1	11	3112	2274.00
10	16595	100001	3113	494319.00
10	1	12	3112	2136.00
10	1	12	3112	2330.00
10	1	10	3112	2211.00
10	1	10	3112	1922.00
10	1	10	3112	1808.00
10	1	12	3112	2380.00
10	1	12	3112	371.00
10	1	11	3112	2586.00
10	1	12	3112	2221.00
10	1	10	3112	1593.00
10	1	11	3112	969.00
7	1	10	338	158.00
7	1	11	338	139.00
7	1	10	338	136.00
7	1	11	338	139.00
7	1	11	338	134.00
7	1	12	338	136.00
7	1	12	338	135.00
7	1	10	338	160.00
7	1	12	338	140.00
7	1	11	338	136.00
7	1	11	338	138.00
7	1	12	338	131.00
7	1	10	338	140.00
7	1	12	338	141.00
7	1	12	338	138.00
7	1	10	338	154.00
7	1	11	338	132.00
7	1	12	338	134.00
7	1	11	338	140.00
7	1	10	338	132.00
7	1	10	338	130.00
7	1	11	338	136.00
7	1	12	338	142.00
7	1	11	338	155.00
7	1	10	338	133.00
7	1	11	338	137.00
7	1	11	338	158.00
7	1	11	338	144.00
7	1	12	338	136.00
7	1	12	338	137.00
8	1	11	1517	222.00
8	1	12	1517	459.00
8	1	12	1517	47.00
8	1	12	1517	558.00
8	1	10	1517	520.00
8	1	12	1517	364.00
8	1	10	1517	524.00
8	1	10	1517	276.00
8	1	12	1517	533.00
8	1	11	1517	246.00
8	1	11	1517	530.00
8	1	12	1517	146.00
8	1	12	1517	144.00
8	1	12	1517	278.00
8	1	10	1517	578.00
8	1	10	1517	311.00
8	1	11	1517	550.00
8	1	10	1517	555.00
8	1	10	1517	235.00
8	1	12	1517	542.00
8	1	11	1517	384.00
8	1	11	1517	551.00
8	1	12	1517	150.00
8	1	10	1517	512.00
8	1	10	1517	584.00
8	1	11	1517	570.00
8	1	11	1517	395.00
8	1	11	1517	480.00
8	1	11	1517	566.00
8	1	12	1517	565.00
9	1	10	823	634.00
9	1	12	823	720.00
9	1	11	823	640.00
9	1	11	823	708.00
9	1	12	823	709.00
9	1	11	823	633.00
9	1	11	823	680.00
9	1	11	823	664.00
9	1	11	823	666.00
9	1	12	823	645.00
9	1	11	823	724.00
9	1	11	823	654.00
9	1	11	823	626.00
9	1	12	823	655.00
9	1	10	823	681.00
9	1	10	823	724.00
9	1	10	823	678.00
9	1	12	823	681.00
9	1	10	823	621.00
9	1	12	823	647.00
9	1	12	823	685.00
9	1	10	823	662.00
9	1	10	823	709.00
9	1	12	823	776.00
9	1	12	823	670.00
9	1	12	823	645.00
9	1	11	823	695.00
9	1	12	823	728.00
9	1	10	823	676.00
9	1	10	823	733.00
10	1	11	3112	1076.00
10	1	12	3112	1847.00
10	1	11	3112	2589.00
7	1	11	338	131.00
7	1	11	338	141.00
7	1	11	338	138.00
7	1	12	338	130.00
7	1	12	338	130.00
7	1	12	338	132.00
7	1	10	338	131.00
7	1	12	338	139.00
7	1	10	338	139.00
7	1	12	338	142.00
7	1	10	338	140.00
7	1	12	338	131.00
7	1	11	338	139.00
7	1	11	338	146.00
7	1	10	338	131.00
7	1	10	338	155.00
7	1	10	338	143.00
7	1	11	338	151.00
7	1	12	338	145.00
7	1	11	338	137.00
7	1	12	338	133.00
7	1	11	338	166.00
7	1	12	338	132.00
7	1	10	338	130.00
7	1	10	338	130.00
7	1	12	338	128.00
7	1	12	338	132.00
7	1	11	338	134.00
7	1	11	338	127.00
7	1	10	338	132.00
7	1	12	338	143.00
7	1	11	338	138.00
7	1	10	338	140.00
7	1	12	338	142.00
7	1	12	338	133.00
7	1	11	338	132.00
7	1	11	338	134.00
7	1	12	338	129.00
7	1	11	338	152.00
7	1	11	338	147.00
7	1	10	338	148.00
7	1	11	338	154.00
7	1	10	338	142.00
7	1	11	338	133.00
7	1	12	338	131.00
7	1	10	338	131.00
7	1	11	338	141.00
7	1	11	338	132.00
7	1	11	338	130.00
7	1	10	338	146.00
7	1	10	338	140.00
7	1	10	338	128.00
7	1	11	338	137.00
7	1	11	338	129.00
7	1	11	338	133.00
7	1	11	338	130.00
7	1	12	338	128.00
7	1	10	338	132.00
7	1	11	338	131.00
7	1	11	338	131.00
7	1	11	338	154.00
7	1	11	338	172.00
7	1	10	338	160.00
7	1	12	338	152.00
7	1	11	338	140.00
7	1	10	338	136.00
7	1	11	338	153.00
7	1	12	338	145.00
7	1	10	338	141.00
7	1	11	338	166.00
7	1	11	338	146.00
7	1	11	338	162.00
7	1	11	338	157.00
7	1	12	338	148.00
7	1	12	338	140.00
7	1	11	338	150.00
7	1	11	338	128.00
7	1	10	338	130.00
7	1	11	338	142.00
7	1	12	338	146.00
7	1	12	338	143.00
7	1	10	338	142.00
7	1	12	338	132.00
7	1	11	338	133.00
7	1	11	338	128.00
7	1	12	338	151.00
7	1	11	338	149.00
7	1	10	338	166.00
7	1	11	338	139.00
7	1	11	338	148.00
7	1	10	338	157.00
7	1	10	338	146.00
7	1	11	338	143.00
7	1	11	338	137.00
7	1	11	338	133.00
7	1	11	338	134.00
7	1	12	338	140.00
7	1	11	338	166.00
7	1	12	338	163.00
7	1	10	338	143.00
7	1	10	338	137.00
7	1	10	338	135.00
7	1	10	338	135.00
7	1	12	338	148.00
7	1	11	338	131.00
7	1	12	338	141.00
7	1	12	338	130.00
7	1	12	338	147.00
7	1	11	338	132.00
7	1	11	338	159.00
7	1	12	338	136.00
7	1	11	338	140.00
7	1	12	338	150.00
7	1	10	338	151.00
7	1	11	338	141.00
7	1	11	338	134.00
7	1	11	338	154.00
7	1	10	338	139.00
7	1	11	338	141.00
7	1	10	338	147.00
7	1	10	338	138.00
7	1	12	338	131.00
7	1	12	338	132.00
7	1	11	338	141.00
7	1	12	338	133.00
7	1	12	338	153.00
7	1	12	338	138.00
7	1	11	338	151.00
7	1	11	338	159.00
7	1	12	338	138.00
7	1	12	338	133.00
7	1	11	338	141.00
7	1	11	338	164.00
7	1	10	338	154.00
7	1	11	338	132.00
7	1	11	338	134.00
7	1	12	338	130.00
7	1	11	338	143.00
7	1	11	338	155.00
7	1	11	338	161.00
7	1	11	338	140.00
7	1	11	338	133.00
7	1	11	338	132.00
7	1	11	338	140.00
7	1	12	338	136.00
7	1	11	338	132.00
7	1	11	338	151.00
7	1	12	338	147.00
7	1	12	338	137.00
7	1	10	338	130.00
7	1	12	338	135.00
7	1	12	338	137.00
7	1	11	338	128.00
7	1	12	338	141.00
7	1	10	338	165.00
7	1	12	338	161.00
7	1	11	338	153.00
7	1	11	338	137.00
7	1	10	338	146.00
7	1	12	338	138.00
7	1	12	338	130.00
7	1	12	338	150.00
7	1	10	338	137.00
7	1	11	338	136.00
7	1	12	338	130.00
7	1	11	338	148.00
7	1	11	338	150.00
7	1	10	338	143.00
7	1	12	338	133.00
7	1	10	338	135.00
7	1	10	338	164.00
7	1	10	338	146.00
7	1	12	338	130.00
7	1	12	338	128.00
7	1	11	338	134.00
7	1	11	338	135.00
7	1	12	338	134.00
7	1	10	338	142.00
7	1	11	338	142.00
7	1	10	338	136.00
7	1	10	338	133.00
7	1	11	338	135.00
7	1	12	338	129.00
7	1	10	338	128.00
7	1	11	338	129.00
7	1	10	338	131.00
7	1	11	338	158.00
7	1	10	338	131.00
7	1	10	338	141.00
7	1	11	338	142.00
7	1	10	338	130.00
7	1	11	338	145.00
7	1	11	338	142.00
7	1	12	338	152.00
7	1	12	338	134.00
7	1	12	338	133.00
7	1	11	338	142.00
7	1	10	338	158.00
7	1	12	338	145.00
7	1	10	338	143.00
7	1	10	338	138.00
7	1	10	338	132.00
7	1	12	338	155.00
7	1	11	338	135.00
7	1	11	338	133.00
7	1	11	338	128.00
7	1	11	338	130.00
7	1	12	338	130.00
7	1	10	338	139.00
7	1	11	338	144.00
7	1	11	338	132.00
7	1	11	338	131.00
7	1	10	338	131.00
7	1	11	338	143.00
7	1	11	338	154.00
7	1	12	338	139.00
7	1	11	338	138.00
7	1	12	338	144.00
7	1	11	338	142.00
7	1	11	338	131.00
7	1	11	338	148.00
7	1	12	338	132.00
7	1	11	338	152.00
7	1	12	338	136.00
7	1	12	338	141.00
7	1	11	338	150.00
7	1	10	338	134.00
7	1	11	338	157.00
7	1	11	338	144.00
7	1	11	338	136.00
7	1	12	338	185.00
7	1	10	338	132.00
7	1	10	338	136.00
7	1	11	338	150.00
7	1	12	338	168.00
7	1	11	338	133.00
7	1	11	338	149.00
7	1	11	338	137.00
7	1	11	338	163.00
7	1	10	338	149.00
7	1	12	338	148.00
7	1	10	338	130.00
7	1	12	338	137.00
7	1	12	338	130.00
7	1	12	338	138.00
7	1	10	338	168.00
7	1	12	338	142.00
7	1	12	338	147.00
7	1	11	338	144.00
7	1	12	338	132.00
7	1	11	338	136.00
7	1	10	338	131.00
7	1	12	338	147.00
7	1	11	338	148.00
7	1	12	338	132.00
7	1	11	338	151.00
7	1	10	338	140.00
7	1	11	338	134.00
7	1	12	338	162.00
7	1	11	338	140.00
7	1	12	338	140.00
7	1	11	338	141.00
7	1	11	338	158.00
7	1	12	338	171.00
7	1	11	338	135.00
7	1	12	338	149.00
7	1	12	338	154.00
7	1	12	338	137.00
7	1	10	338	162.00
7	1	12	338	155.00
7	1	12	338	140.00
7	1	12	338	194.00
7	1	10	338	131.00
7	1	11	338	130.00
7	1	11	338	129.00
7	1	10	338	164.00
7	1	11	338	148.00
7	1	10	338	152.00
7	1	12	338	144.00
7	1	11	338	154.00
7	1	12	338	164.00
7	1	11	338	140.00
7	1	12	338	150.00
7	1	11	338	157.00
7	1	12	338	156.00
7	1	12	338	156.00
7	1	11	338	171.00
7	1	12	338	139.00
7	1	11	338	140.00
7	1	10	338	147.00
7	1	10	338	144.00
7	1	11	338	154.00
7	1	12	338	152.00
7	1	11	338	161.00
7	1	10	338	166.00
7	1	10	338	133.00
7	1	12	338	152.00
7	1	10	338	160.00
7	1	10	338	142.00
7	1	11	338	134.00
7	1	11	338	170.00
7	1	10	338	134.00
7	1	11	338	132.00
7	1	12	338	146.00
7	1	12	338	141.00
7	1	11	338	137.00
7	1	10	338	149.00
7	1	12	338	130.00
7	1	12	338	153.00
7	1	10	338	141.00
7	1	11	338	129.00
7	1	10	338	129.00
7	1	12	338	131.00
7	1	12	338	144.00
7	1	11	338	163.00
7	1	12	338	130.00
7	1	11	338	136.00
7	1	11	338	132.00
7	1	10	338	134.00
7	1	11	338	151.00
7	1	12	338	133.00
7	1	10	338	131.00
7	1	10	338	140.00
7	1	12	338	131.00
7	1	11	338	133.00
7	1	11	338	143.00
7	1	12	338	143.00
7	1	11	338	136.00
7	1	11	338	130.00
7	1	10	338	131.00
7	1	11	338	139.00
7	1	10	338	128.00
7	1	10	338	140.00
7	1	10	338	140.00
7	1	10	338	147.00
7	1	12	338	129.00
7	1	11	338	129.00
7	1	10	338	155.00
7	1	12	338	130.00
7	1	12	338	130.00
7	1	11	338	134.00
7	1	12	338	134.00
7	1	11	338	135.00
7	1	12	338	138.00
7	1	12	338	131.00
7	1	11	338	129.00
7	1	12	338	132.00
7	1	11	338	138.00
7	1	11	338	142.00
7	1	12	338	139.00
7	1	11	338	134.00
7	1	10	338	142.00
7	1	11	338	138.00
7	1	10	338	133.00
7	1	12	338	131.00
7	1	11	338	139.00
7	1	11	338	131.00
7	1	12	338	145.00
7	1	11	338	148.00
7	1	11	338	135.00
7	1	11	338	131.00
7	1	10	338	133.00
7	1	11	338	129.00
7	1	12	338	131.00
7	1	11	338	139.00
7	1	12	338	131.00
7	1	11	338	131.00
7	1	11	338	133.00
7	1	11	338	132.00
7	1	12	338	134.00
7	1	11	338	132.00
7	1	11	338	129.00
7	1	11	338	132.00
7	1	11	338	132.00
7	1	12	338	140.00
7	1	12	338	129.00
7	1	11	338	134.00
7	1	10	338	132.00
7	1	11	338	133.00
7	1	10	338	143.00
7	1	12	338	145.00
7	1	11	338	159.00
7	1	12	338	153.00
7	1	11	338	141.00
7	1	11	338	132.00
7	1	10	338	129.00
7	1	11	338	135.00
7	1	10	338	131.00
7	1	11	338	142.00
7	1	11	338	148.00
7	1	12	338	147.00
7	1	11	338	141.00
7	1	12	338	139.00
7	1	10	338	136.00
7	1	12	338	142.00
7	1	11	338	140.00
7	1	12	338	147.00
7	1	11	338	131.00
7	1	11	338	132.00
7	1	10	338	131.00
7	1	12	338	130.00
7	1	12	338	132.00
7	1	11	338	143.00
7	1	10	338	129.00
7	1	12	338	133.00
7	1	10	338	133.00
7	1	12	338	130.00
7	1	12	338	136.00
7	1	11	338	141.00
7	1	11	338	136.00
7	1	12	338	128.00
7	1	11	338	144.00
7	1	11	338	134.00
7	1	11	338	135.00
7	1	11	338	132.00
7	1	12	338	135.00
7	1	11	338	136.00
7	1	10	338	137.00
7	1	10	338	136.00
7	1	11	338	132.00
1	0	3	8	0.00
1	0	3	7	0.00
1	0	3	8	0.00
1	0	3	8	0.00
1	0	3	8	0.00
1	0	3	7	0.00
1	0	3	8	0.00
1	0	3	8	0.00
1	0	3	8	0.00
1	0	3	7	0.00
1	0	3	8	0.00
1	0	3	8	0.00
1	0	3	8	0.00
1	0	3	8	0.00
1	0	3	8	0.00
1	0	3	8	0.00
1	0	3	8	0.00
1	0	3	8	0.00
1	0	3	7	0.00
1	0	3	8	0.00
1	0	3	8	0.00
1	0	3	7	0.00
1	0	3	7	0.00
1	0	3	8	0.00
1	0	3	8	0.00
1	0	3	7	0.00
1	0	3	7	0.00
1	0	3	8	0.00
1	0	3	8	0.00
1	0	3	7	0.00
1	0	3	8	0.00
1	0	3	8	0.00
1	0	3	8	0.00
1	0	3	7	0.00
1	0	3	8	0.00
1	0	3	8	0.00
1	0	3	7	0.00
1	0	3	7	0.00
1	0	3	8	0.00
1	0	3	8	0.00
1	0	3	7	0.00
1	0	3	7	0.00
1	0	3	7	0.00
1	0	3	8	0.00
1	0	3	8	0.00
1	0	3	8	0.00
1	0	3	8	0.00
1	0	3	7	0.00
1	0	3	7	0.00
1	0	3	8	0.00
1	0	3	8	0.00
1	0	3	8	0.00
1	0	3	8	0.00
1	0	3	7	0.00
1	0	3	7	0.00
1	0	3	8	0.00
1	0	3	8	0.00
1	0	3	8	0.00
1	0	3	7	0.00
1	0	3	8	0.00
1	0	3	8	0.00
1	0	3	8	0.00
1	0	3	8	0.00
1	0	3	7	0.00
1	0	3	8	0.00
1	0	3	8	0.00
1	0	3	8	0.00
1	0	3	8	0.00
1	0	3	8	0.00
1	0	3	7	0.00
1	0	3	7	0.00
1	0	3	8	0.00
1	0	3	8	0.00
1	0	3	8	0.00
1	0	3	8	0.00
1	0	3	7	0.00
1	0	3	8	0.00
1	0	3	8	0.00
1	0	3	7	0.00
1	0	3	8	0.00
1	0	3	7	0.00
1	0	3	8	0.00
1	0	3	8	0.00
1	0	3	8	0.00
1	0	3	7	0.00
1	0	3	8	0.00
1	0	3	8	0.00
1	0	3	8	0.00
1	0	3	8	0.00
1	0	3	8	0.00
1	0	3	8	0.00
1	0	3	7	0.00
1	0	3	8	0.00
1	0	3	8	0.00
1	0	3	8	0.00
1	0	3	8	0.00
1	0	3	8	0.00
1	0	3	7	0.00
1	0	3	7	0.00
1	0	3	7	0.00
2	0	3	163	0.00
2	0	3	163	0.00
2	0	3	163	0.00
2	0	3	163	0.00
2	0	3	163	0.00
2	0	3	163	0.00
2	0	3	163	0.00
2	0	3	163	0.00
2	0	3	163	0.00
2	0	3	163	0.00
2	0	3	163	0.00
2	0	3	163	0.00
2	0	3	163	0.00
2	0	3	163	0.00
2	0	3	163	0.00
2	0	3	163	0.00
2	0	3	163	0.00
2	0	3	163	0.00
2	0	3	163	0.00
2	0	3	163	0.00
2	0	3	163	0.00
2	0	3	163	0.00
2	0	3	163	0.00
2	0	3	163	0.00
2	0	3	163	0.00
2	0	3	163	0.00
2	0	3	163	0.00
2	0	3	163	0.00
2	0	3	163	0.00
2	0	3	163	0.00
2	0	3	163	0.00
2	0	3	163	0.00
2	0	3	163	0.00
2	0	3	163	0.00
2	0	3	163	0.00
2	0	3	163	0.00
2	0	3	163	0.00
2	0	3	163	0.00
2	0	3	163	0.00
2	0	3	163	0.00
2	0	3	163	0.00
2	0	3	163	0.00
2	0	3	163	0.00
2	0	3	163	0.00
2	0	3	163	0.00
2	0	3	163	0.00
2	0	3	163	0.00
2	0	3	163	0.00
2	0	3	163	0.00
2	0	3	163	0.00
2	0	3	163	0.00
2	0	3	163	0.00
2	0	3	163	0.00
2	0	3	163	0.00
2	0	3	163	0.00
2	0	3	163	0.00
2	0	3	163	0.00
2	0	3	163	0.00
2	0	3	163	0.00
2	0	3	163	0.00
2	0	3	163	0.00
2	0	3	163	0.00
2	0	3	163	0.00
2	0	3	163	0.00
2	0	3	163	0.00
2	0	3	163	0.00
2	0	3	163	0.00
2	0	3	163	0.00
2	0	3	163	0.00
2	0	3	163	0.00
2	0	3	163	0.00
2	0	3	163	0.00
2	0	3	163	0.00
2	0	3	163	0.00
2	0	3	163	0.00
2	0	3	163	0.00
2	0	3	163	0.00
2	0	3	163	0.00
2	0	3	163	0.00
2	0	3	163	0.00
2	0	3	163	0.00
2	0	3	163	0.00
2	0	3	163	0.00
2	0	3	163	0.00
2	0	3	163	0.00
2	0	3	163	0.00
2	0	3	163	0.00
2	0	3	163	0.00
2	0	3	163	0.00
2	0	3	163	0.00
2	0	3	163	0.00
2	0	3	163	0.00
2	0	3	163	0.00
2	0	3	163	0.00
2	0	3	163	0.00
2	0	3	163	0.00
2	0	3	163	0.00
2	0	3	163	0.00
2	0	3	163	0.00
2	0	3	163	0.00
1	2442	15003	7	16406.00
1	2440	15001	7	15572.00
1	2444	15004	8	10700.00
1	2445	15003	8	11408.00
1	2441	15004	7	15794.00
1	2448	15005	8	11121.00
1	2441	15003	8	10045.00
1	2445	15006	8	10958.00
1	2446	15004	7	14696.00
1	2443	15004	8	9883.00
1	2446	15005	8	10874.00
1	2445	15002	7	14820.00
1	2442	15005	7	20962.00
1	2442	15004	8	12563.00
1	2447	15004	8	9321.00
1	2448	15004	8	9498.00
1	2443	15003	7	14395.00
1	2442	15003	7	14080.00
1	2442	15001	8	9593.00
1	2448	15005	7	14490.00
1	2445	15003	8	10320.00
1	2444	15005	8	8763.00
1	2449	15003	8	12401.00
1	2445	15002	8	8880.00
1	2446	15003	8	8941.00
1	2448	15002	7	14775.00
1	2448	15002	8	11202.00
1	2450	15003	8	29437.00
1	2449	15003	8	8558.00
1	2448	15004	8	11267.00
1	2446	15004	8	13488.00
1	2444	15001	8	10486.00
1	2450	15004	8	12015.00
1	2447	15002	8	11255.00
1	2446	15006	8	11061.00
1	2448	15005	8	11225.00
1	2441	15008	7	14032.00
1	2443	15003	7	14649.00
1	2448	15004	8	11214.00
1	2444	15006	8	9589.00
1	2444	15006	7	13928.00
1	2447	15001	8	10733.00
1	2446	15001	8	11423.00
1	2448	15003	8	9623.00
1	2441	15004	7	12597.00
1	2447	15001	8	9802.00
1	2448	15002	8	10858.00
1	2443	15001	8	12002.00
1	2446	15006	7	12745.00
1	2447	15005	7	11637.00
1	2444	15002	8	9309.00
1	2443	15004	7	12226.00
1	2449	15002	8	8189.00
1	2445	15001	7	12142.00
1	2445	15003	7	12476.00
1	2446	15004	8	7847.00
1	2444	15004	8	8630.00
1	2443	15006	7	12236.00
1	2450	15003	7	12380.00
1	2443	15001	8	7935.00
2	2500	15006	163	67157.00
2	2500	15005	163	66129.00
2	2500	15004	163	64797.00
2	2500	15004	163	65367.00
2	2500	15004	163	66227.00
2	2500	15005	163	65088.00
2	2500	15006	163	64398.00
2	2500	15004	163	65074.00
2	2500	15005	163	62969.00
2	2500	15004	163	63684.00
2	2500	15004	163	66806.00
2	2478	15001	163	64481.00
2	2500	15004	163	65641.00
2	2500	15004	163	63015.00
2	2500	15004	163	65697.00
2	2500	15005	163	64362.00
2	2500	15004	163	64731.00
2	2500	15005	163	64911.00
2	2476	15001	163	64051.00
2	2500	15004	163	65174.00
2	2500	15006	163	65626.00
2	2500	15006	163	67052.00
2	2500	15006	163	65123.00
2	2500	15006	163	63566.00
2	2500	15005	163	64801.00
2	2500	15004	163	66683.00
2	2500	15006	163	66565.00
2	2500	15006	163	65254.00
2	2500	15004	163	64141.00
2	2500	15006	163	66720.00
3	2500	15005	38	39462.00
3	2500	15005	38	40040.00
3	2500	15006	38	38705.00
3	2500	15004	38	38744.00
3	2500	15006	38	40135.00
3	2440	15006	39	37880.00
3	2500	15006	38	37953.00
3	2500	15005	38	39186.00
3	2500	15005	38	39600.00
3	2500	15004	38	38907.00
3	2500	15004	38	39828.00
3	2444	15005	38	39293.00
3	2500	15006	38	38843.00
3	2500	15004	38	40420.00
3	2500	15005	38	39701.00
3	2500	15005	38	39584.00
3	2500	15005	38	38518.00
3	2500	15005	38	38781.00
3	2500	15005	38	39112.00
3	2500	15006	38	39892.00
3	2500	15005	38	39327.00
3	2500	15006	38	38682.00
3	2500	15006	38	40036.00
3	2500	15005	38	39455.00
3	2448	15004	38	38077.00
3	2500	15005	38	39169.00
3	2500	15005	38	38803.00
3	2500	15004	38	38427.00
3	2500	15005	38	40094.00
3	2500	15006	38	39194.00
4	2451	15002	232	71855.00
4	2454	15006	233	6874.00
4	2444	15006	232	69135.00
4	2453	15001	232	73881.00
4	2443	15005	233	7152.00
4	2446	15004	233	6628.00
4	2471	15005	232	73706.00
4	2440	15001	232	71731.00
4	2463	15003	232	74626.00
4	2478	15001	232	75704.00
4	2441	15008	232	66361.00
4	2446	15005	233	6800.00
4	2445	15004	232	74820.00
4	2459	15002	232	73039.00
4	2443	15003	232	71054.00
4	2450	15006	232	73478.00
4	2445	15005	233	6800.00
4	2449	15002	232	73520.00
4	2456	15004	232	74508.00
4	2442	15003	232	74114.00
4	2458	15006	232	75639.00
4	2467	15002	232	73971.00
4	2448	15005	232	70907.00
4	2451	15002	232	71662.00
4	2442	15005	232	74670.00
4	2452	15002	232	74615.00
4	2441	15002	232	71503.00
4	2450	15005	232	72818.00
4	2445	15004	232	75468.00
4	2454	15004	233	6858.00
5	2500	15004	145	99227.00
5	2500	15004	145	99815.00
5	2500	15005	145	99308.00
5	2500	15005	145	99206.00
5	2500	15005	145	98539.00
5	2500	15005	145	99420.00
5	2500	15005	145	99662.00
5	2500	15006	145	101137.00
5	2500	15005	145	99840.00
5	2500	15006	145	99537.00
5	2500	15006	145	99421.00
5	2500	15005	145	98670.00
5	2500	15006	145	98926.00
5	2500	15006	145	99782.00
5	2500	15004	145	98904.00
5	2500	15005	145	98499.00
5	2500	15005	145	100006.00
5	2500	15006	145	98397.00
5	2500	15006	145	99063.00
5	2500	15004	145	98940.00
5	2500	15005	145	99037.00
5	2500	15006	145	99817.00
5	2500	15006	145	100022.00
5	2500	15006	145	101243.00
5	2500	15004	145	100955.00
5	2500	15005	145	101123.00
5	2500	15005	145	101166.00
5	2500	15004	145	102052.00
5	2500	15005	145	97941.00
5	2500	15004	145	97383.00
6	2491	15003	754	388475.00
6	2500	15004	754	389368.00
6	2489	15005	754	384067.00
6	2490	15003	754	385329.00
6	2482	15004	754	379932.00
6	2495	15002	754	387017.00
6	2497	15002	754	389072.00
6	2496	15003	754	385037.00
6	2500	15005	754	387054.00
6	2500	15005	754	383927.00
6	2492	15002	754	385124.00
6	2493	15002	754	387893.00
6	2492	15005	754	384878.00
6	2492	15001	754	384672.00
6	2490	15006	754	388267.00
6	2486	15004	754	373886.00
6	2500	15005	754	388776.00
6	2487	15005	754	383973.00
6	2493	15005	754	386898.00
6	2482	15005	754	388735.00
6	2488	15002	754	386045.00
6	2494	15003	754	386675.00
6	2493	15006	754	390689.00
6	2479	15006	754	384235.00
6	2495	15006	754	387387.00
6	2472	15002	754	377702.00
6	2500	15006	754	381962.00
6	2492	15002	754	371739.00
6	2481	15002	754	387889.00
6	2465	15002	754	382867.00
7	2500	15004	338	355621.00
7	2500	15006	338	360100.00
7	2500	15006	338	357405.00
7	2500	15004	338	358933.00
7	2500	15004	338	353603.00
7	2500	15006	338	353527.00
7	2500	15005	338	352319.00
7	2500	15004	338	352868.00
7	2500	15005	338	346204.00
7	2500	15006	338	347104.00
7	2500	15006	338	347109.00
7	2500	15006	338	346544.00
7	2500	15005	338	351413.00
7	2500	15005	338	347968.00
7	2500	15006	338	349701.00
7	2500	15005	338	348896.00
7	2500	15004	338	349560.00
7	2500	15005	338	354206.00
7	2500	15006	338	351607.00
7	2500	15005	338	350074.00
7	2500	15004	338	347648.00
7	2500	15006	338	347963.00
7	2500	15006	338	358002.00
7	2500	15005	338	353505.00
7	2500	15006	338	353385.00
7	2500	15005	338	354158.00
7	2500	15004	338	355817.00
7	2500	15006	338	357968.00
7	2500	15006	338	352833.00
7	2500	15005	338	350185.00
8	2475	15002	1517	1330545.00
8	2459	15006	1517	1346289.00
8	2500	15004	1517	1366646.00
8	2491	15002	1517	1365170.00
8	2491	15005	1517	1278514.00
8	2487	15005	1517	1278787.00
8	2479	15005	1517	1285151.00
8	2488	15005	1517	1292184.00
8	2489	15003	1517	1288773.00
8	2496	15005	1517	1293028.00
8	2481	15005	1517	1293686.00
8	2483	15004	1517	1318035.00
8	2486	15004	1517	1301955.00
7	1	11	338	135.00
7	1	12	338	130.00
7	1	11	338	134.00
7	1	10	338	133.00
7	1	11	338	136.00
7	1	12	338	135.00
7	1	11	338	127.00
7	1	11	338	130.00
7	1	12	338	132.00
7	1	12	338	131.00
7	1	12	338	150.00
7	1	11	338	128.00
7	1	12	338	138.00
7	1	12	338	133.00
7	1	11	338	140.00
7	1	12	338	131.00
7	1	11	338	135.00
7	1	11	338	135.00
7	1	12	338	130.00
7	1	10	338	129.00
7	1	12	338	136.00
7	1	10	338	142.00
7	1	10	338	127.00
7	1	12	338	128.00
7	1	11	338	137.00
7	1	11	338	127.00
7	1	12	338	131.00
7	1	11	338	129.00
7	1	10	338	132.00
7	1	11	338	125.00
8	1	12	1517	502.00
8	1	11	1517	223.00
8	1	10	1517	549.00
8	1	11	1517	532.00
8	1	12	1517	512.00
8	1	12	1517	153.00
8	1	12	1517	538.00
8	1	11	1517	548.00
8	1	11	1517	563.00
8	1	11	1517	541.00
8	1	10	1517	570.00
8	1	12	1517	503.00
8	1	12	1517	518.00
8	1	11	1517	540.00
8	1	11	1517	433.00
8	1	12	1517	271.00
8	2473	15002	1518	32667.00
8	1	12	1517	524.00
8	1	12	1517	509.00
8	1	11	1517	241.00
8	1	11	1517	406.00
8	1	10	1517	438.00
8	1	10	1517	505.00
8	1	12	1517	314.00
8	1	11	1517	556.00
8	1	11	1517	523.00
8	1	10	1517	349.00
8	1	11	1517	536.00
8	1	11	1517	362.00
8	1	11	1517	233.00
9	1	11	823	634.00
9	1	12	823	601.00
9	1	11	823	657.00
9	1	12	823	618.00
9	1	11	823	632.00
9	1	11	823	638.00
9	1	10	823	625.00
9	1	12	823	608.00
9	1	11	823	637.00
9	1	10	823	639.00
9	1	11	823	626.00
9	1	10	823	616.00
9	1	11	823	635.00
9	1	12	823	647.00
9	1	11	823	643.00
9	1	11	823	705.00
9	1	11	823	637.00
9	1	10	823	663.00
9	1	12	823	596.00
9	1	11	823	644.00
9	1	12	823	608.00
9	1	11	823	672.00
9	1	12	823	632.00
9	1	11	823	588.00
9	1	10	823	654.00
9	1	10	823	709.00
9	1	12	823	606.00
9	1	11	823	599.00
9	1	11	823	679.00
9	1	12	823	591.00
10	1	12	3112	2387.00
10	1	11	3112	2175.00
10	1	12	3112	2169.00
10	1	10	3112	2383.00
10	1	12	3112	633.00
10	1	11	3112	733.00
10	1	11	3112	1473.00
10	1	12	3112	1065.00
10	1	11	3112	1364.00
10	1	11	3112	2230.00
10	1	12	3112	223.00
10	1	10	3112	2252.00
8	1	11	1517	179.00
8	1	12	1517	543.00
8	1	12	1517	578.00
8	1	11	1517	569.00
8	1	11	1517	533.00
8	1	12	1517	535.00
8	1	11	1517	543.00
8	1	12	1517	587.00
8	1	10	1517	539.00
8	1	10	1517	524.00
8	1	12	1517	520.00
8	1	10	1517	548.00
8	1	11	1517	166.00
8	1	10	1517	562.00
8	1	10	1517	506.00
8	1	11	1517	540.00
8	1	12	1517	569.00
8	1	12	1517	526.00
8	1	12	1517	568.00
8	1	11	1517	406.00
8	1	12	1517	554.00
8	1	12	1517	543.00
8	1	12	1517	527.00
8	1	11	1517	220.00
8	1	11	1517	542.00
8	1	11	1517	519.00
8	1	12	1517	519.00
8	1	12	1517	552.00
8	1	11	1517	525.00
8	1	12	1517	520.00
9	1	10	823	737.00
9	1	11	823	737.00
9	1	10	823	751.00
9	1	11	823	683.00
9	1	11	823	721.00
9	1	10	823	787.00
9	1	11	823	713.00
9	1	11	823	663.00
9	1	10	823	686.00
9	1	11	823	706.00
9	1	10	823	709.00
9	1	11	823	681.00
9	1	11	823	726.00
9	1	11	823	715.00
9	1	11	823	737.00
9	1	11	823	694.00
9	1	11	823	758.00
9	1	12	823	701.00
9	1	11	823	704.00
9	1	11	823	760.00
9	1	12	823	695.00
9	1	12	823	780.00
9	1	12	823	739.00
9	1	11	823	752.00
9	1	12	823	806.00
9	1	11	823	700.00
9	1	12	823	707.00
9	1	12	823	800.00
9	1	11	823	777.00
9	1	12	823	822.00
10	1	12	3112	146.00
10	1	12	3112	2479.00
10	1	11	3112	2655.00
10	1	12	3112	692.00
10	1	12	3112	2517.00
10	1	12	3112	2400.00
10	1	11	3112	1363.00
10	1	12	3112	2425.00
10	1	11	3112	2521.00
10	1	11	3112	2606.00
10	1	11	3112	1263.00
10	1	10	3112	2660.00
10	1	12	3112	2341.00
10	1	10	3112	2504.00
10	1	11	3112	2354.00
10	1	12	3112	2556.00
10	1	11	3112	1727.00
10	1	12	3112	60.00
10	1	10	3112	1785.00
10	1	10	3112	2443.00
10	1	11	3112	2384.00
10	1	11	3112	2392.00
10	1	11	3112	1450.00
10	1	11	3112	886.00
10	1	12	3112	2378.00
10	1	11	3112	2403.00
10	1	11	3112	2456.00
10	1	11	3112	2432.00
10	1	11	3112	1982.00
10	1	10	3112	814.00
1	2442	15003	8	14743.00
1	2442	15004	8	9811.00
1	1	12	7	6.00
1	1	11	7	6.00
1	1	12	7	6.00
1	2444	15001	8	11070.00
1	1	12	7	6.00
1	2445	15006	8	10430.00
1	2449	15004	8	13266.00
1	2446	15004	8	10018.00
1	1	12	7	5.00
1	1	11	7	6.00
1	1	12	7	6.00
1	1	12	7	5.00
1	2445	15003	8	10267.00
1	2450	15006	8	11453.00
1	2446	15001	8	9282.00
1	1	12	7	5.00
1	2450	15002	8	9383.00
1	1	11	7	3.00
1	2446	15006	8	9758.00
1	2445	15005	8	10059.00
1	1	12	7	7.00
1	1	11	7	5.00
1	2447	15006	8	9002.00
1	2440	15003	8	13412.00
1	2446	15001	8	8853.00
1	2448	15006	8	10747.00
1	1	11	7	4.00
1	2443	15006	8	8635.00
2	1	11	163	24.00
2	1	12	163	24.00
2	1	11	163	26.00
2	1	10	163	25.00
2	1	11	163	25.00
2	1	11	163	25.00
2	1	11	163	26.00
2	1	11	163	25.00
2	1	10	163	25.00
2	1	10	163	24.00
2	1	11	163	24.00
2	1	12	163	24.00
2	1	12	163	25.00
2	1	11	163	25.00
2	1	11	163	24.00
2	1	12	163	26.00
2	1	12	163	24.00
2	1	10	163	25.00
2	1	11	163	26.00
2	1	11	163	25.00
2	1	12	163	25.00
2	1	11	163	24.00
2	1	10	163	25.00
2	1	11	163	25.00
2	1	11	163	24.00
2	1	11	163	25.00
2	1	11	163	25.00
2	1	12	163	25.00
2	1	10	163	38.00
2	1	10	163	30.00
3	1	12	38	15.00
3	1	10	38	15.00
3	1	12	38	15.00
3	1	11	38	15.00
3	1	11	38	16.00
3	1	11	38	16.00
3	1	12	38	15.00
3	1	12	38	15.00
3	1	11	38	16.00
3	1	11	38	16.00
3	1	12	38	16.00
3	1	12	38	15.00
3	1	11	38	16.00
3	1	12	38	15.00
3	1	11	38	16.00
3	1	11	38	15.00
3	1	11	38	16.00
3	1	12	38	16.00
3	1	12	38	15.00
3	1	12	38	16.00
3	1	10	38	16.00
3	1	10	38	16.00
3	1	11	38	15.00
3	1	12	38	15.00
3	1	10	38	15.00
3	1	12	38	16.00
3	1	12	38	15.00
3	1	11	38	16.00
3	1	12	38	16.00
3	1	10	38	15.00
4	1	11	232	21.00
4	2446	15004	233	74145.00
4	1	12	232	19.00
4	1	11	232	29.00
4	1	11	232	25.00
4	1	12	232	4.00
4	1	11	232	29.00
4	1	11	232	21.00
4	1	10	232	29.00
4	1	12	232	13.00
4	1	12	232	29.00
4	1	10	232	29.00
4	1	10	232	21.00
4	1	11	232	15.00
4	1	12	232	30.00
4	1	11	232	22.00
4	1	11	232	21.00
4	1	12	232	14.00
4	1	11	232	24.00
4	1	12	232	24.00
4	1	12	232	29.00
4	1	11	232	29.00
4	1	11	232	30.00
4	1	11	232	24.00
4	1	12	232	3.00
4	1	11	232	30.00
4	1	11	232	30.00
4	1	11	232	30.00
4	1	11	232	23.00
4	1	12	232	30.00
5	1	12	145	38.00
5	1	11	145	37.00
5	1	11	145	37.00
5	1	11	145	40.00
5	1	11	145	40.00
5	1	11	145	38.00
5	1	12	145	39.00
5	1	12	145	41.00
5	1	12	145	46.00
5	1	10	145	38.00
5	1	10	145	39.00
5	1	10	145	38.00
5	1	10	145	37.00
5	1	12	145	38.00
5	1	11	145	39.00
5	1	11	145	49.00
5	1	12	145	39.00
5	1	12	145	40.00
5	1	10	145	40.00
5	1	12	145	38.00
5	1	11	145	38.00
5	1	11	145	40.00
5	1	11	145	38.00
5	1	11	145	39.00
5	1	11	145	41.00
5	1	11	145	40.00
5	1	10	145	38.00
5	1	12	145	38.00
5	1	10	145	39.00
5	1	11	145	42.00
6	1	12	754	145.00
6	1	11	754	164.00
6	1	12	754	148.00
6	1	11	754	146.00
6	1	12	754	148.00
6	1	11	754	167.00
6	1	11	754	151.00
6	1	12	754	152.00
6	1	12	754	143.00
6	1	11	754	149.00
6	1	12	754	145.00
6	1	11	754	145.00
6	1	11	754	149.00
6	1	12	754	148.00
6	1	11	754	146.00
6	1	12	754	145.00
6	1	12	754	145.00
6	1	10	754	155.00
6	1	12	754	48.00
6	1	11	754	167.00
6	1	12	754	154.00
6	1	11	754	149.00
6	1	10	754	148.00
6	1	11	754	153.00
6	1	12	754	149.00
6	1	12	754	147.00
6	1	12	754	161.00
6	1	12	754	159.00
6	1	11	754	147.00
6	1	11	754	150.00
7	1	11	338	134.00
7	1	11	338	155.00
7	1	10	338	131.00
7	1	12	338	132.00
7	1	12	338	131.00
7	1	11	338	135.00
7	1	12	338	129.00
7	1	11	338	137.00
7	1	10	338	129.00
7	1	11	338	133.00
7	1	10	338	139.00
7	1	11	338	134.00
7	1	10	338	131.00
7	1	11	338	133.00
7	1	11	338	143.00
7	1	12	338	131.00
7	1	11	338	162.00
7	1	11	338	129.00
7	1	12	338	145.00
7	1	11	338	133.00
7	1	10	338	134.00
7	1	10	338	136.00
7	1	10	338	130.00
7	1	12	338	130.00
7	1	11	338	145.00
7	1	12	338	136.00
7	1	11	338	139.00
7	1	11	338	133.00
7	1	11	338	132.00
7	1	10	338	133.00
8	1	12	1517	529.00
8	1	11	1517	186.00
8	1	11	1517	507.00
8	1	11	1517	499.00
8	1	11	1517	422.00
8	1	12	1517	515.00
8	1	11	1517	520.00
8	1	11	1517	499.00
8	1	11	1517	519.00
8	1	11	1517	253.00
8	1	12	1517	549.00
8	1	10	1517	416.00
8	1	10	1517	524.00
8	1	11	1517	453.00
8	1	11	1517	520.00
8	1	10	1517	199.00
8	1	12	1517	525.00
8	1	11	1517	565.00
8	1	11	1517	537.00
8	1	10	1517	201.00
8	2471	15003	1518	34723.00
8	1	10	1517	531.00
8	1	10	1517	383.00
8	1	10	1517	375.00
8	1	11	1517	493.00
8	1	10	1517	555.00
8	1	11	1517	539.00
8	1	11	1517	539.00
8	1	11	1517	502.00
8	1	11	1517	527.00
9	1	10	823	729.00
9	1	12	823	697.00
9	1	10	823	641.00
9	1	12	823	709.00
9	1	12	823	694.00
9	1	10	823	650.00
9	1	11	823	658.00
9	1	12	823	716.00
9	1	12	823	637.00
9	1	12	823	667.00
9	1	10	823	674.00
9	1	12	823	647.00
9	1	11	823	650.00
9	1	11	823	674.00
9	1	10	823	743.00
9	1	12	823	677.00
9	1	11	823	683.00
9	1	11	823	645.00
9	1	11	823	688.00
9	1	10	823	649.00
9	1	12	823	650.00
9	1	11	823	648.00
9	1	11	823	679.00
9	1	12	823	641.00
9	1	11	823	650.00
9	1	12	823	685.00
9	1	12	823	672.00
9	1	12	823	686.00
9	1	12	823	686.00
9	1	11	823	694.00
10	1	11	3112	2151.00
10	1	10	3112	2530.00
10	1	12	3112	2419.00
10	1	11	3112	902.00
10	1	11	3112	2535.00
10	1	11	3112	864.00
10	1	10	3112	2453.00
10	1	11	3112	2138.00
10	1	10	3112	1064.00
10	1	11	3112	2330.00
10	1	11	3112	2324.00
10	1	12	3112	1207.00
10	1	12	3112	2386.00
10	1	11	3112	2328.00
10	1	11	3112	1191.00
10	1	11	3112	2346.00
10	1	12	3112	2309.00
10	1	12	3112	2374.00
10	1	12	3112	2451.00
10	1	10	3112	436.00
10	1	10	3112	2327.00
10	1	12	3112	357.00
10	1	10	3112	2355.00
10	1	11	3112	2429.00
10	1	12	3112	2364.00
10	1	10	3112	2322.00
10	1	10	3112	2396.00
10	1	11	3112	1933.00
10	1	11	3112	799.00
10	1	11	3112	1162.00
7	1	11	338	132.00
7	1	10	338	125.00
7	1	12	338	130.00
7	1	11	338	130.00
7	1	12	338	125.00
7	1	12	338	142.00
7	1	12	338	124.00
7	1	10	338	128.00
7	1	11	338	127.00
7	1	12	338	148.00
7	1	10	338	133.00
7	1	11	338	146.00
7	1	12	338	139.00
7	1	11	338	130.00
8	1	10	1517	548.00
8	1	12	1517	516.00
8	1	11	1517	498.00
8	1	11	1517	401.00
8	1	11	1517	487.00
8	1	12	1517	497.00
8	1	11	1517	465.00
8	1	12	1517	491.00
8	1	11	1517	499.00
8	1	11	1517	490.00
8	1	10	1517	520.00
8	1	11	1517	355.00
8	1	10	1517	509.00
8	1	12	1517	497.00
8	1	11	1517	493.00
8	1	11	1517	350.00
8	1	10	1517	478.00
8	1	10	1517	500.00
8	1	11	1517	220.00
10	1	11	3112	2617.00
10	1	11	3112	2271.00
10	1	11	3112	2275.00
10	1	12	3112	2490.00
1	1	12	7	5.00
1	1	12	7	6.00
1	1	12	7	6.00
8	1	10	1517	499.00
8	1	11	1517	551.00
8	1	12	1517	837.00
8	1	11	1517	804.00
8	1	12	1517	731.00
8	1	12	1517	589.00
8	1	12	1517	138.00
8	1	10	1517	558.00
8	1	12	1517	564.00
8	1	12	1517	593.00
8	1	12	1517	570.00
8	1	11	1517	414.00
8	1	12	1517	547.00
8	1	11	1517	539.00
8	1	11	1517	552.00
8	1	11	1517	536.00
8	1	10	1517	501.00
8	1	10	1517	495.00
8	1	12	1517	486.00
8	1	11	1517	541.00
8	1	12	1517	489.00
8	1	11	1517	533.00
8	1	11	1517	561.00
8	1	12	1517	651.00
8	1	12	1517	594.00
8	1	11	1517	549.00
8	1	12	1517	614.00
8	1	10	1517	653.00
8	1	11	1517	588.00
8	1	11	1517	556.00
8	1	11	1517	894.00
8	1	11	1517	755.00
8	1	11	1517	565.00
8	1	10	1517	568.00
8	1	11	1517	594.00
8	1	10	1517	473.00
8	1	12	1517	594.00
8	1	12	1517	510.00
8	1	10	1517	501.00
8	1	11	1517	559.00
8	1	12	1517	535.00
8	1	11	1517	542.00
8	1	11	1517	534.00
8	1	11	1517	510.00
8	1	12	1517	482.00
8	1	11	1517	482.00
8	1	10	1517	539.00
8	1	10	1517	515.00
8	1	12	1517	555.00
8	1	10	1517	626.00
8	1	11	1517	525.00
8	1	12	1517	595.00
8	1	10	1517	551.00
8	1	12	1517	634.00
8	1	12	1517	530.00
8	1	11	1517	534.00
8	1	12	1517	551.00
8	1	12	1517	521.00
8	1	12	1517	529.00
8	1	11	1517	502.00
9	1	10	823	779.00
9	1	11	823	1147.00
9	1	11	823	1190.00
9	1	10	823	1148.00
9	1	12	823	1463.00
9	1	12	823	1418.00
9	1	10	823	1132.00
9	1	11	823	1283.00
9	1	12	823	1069.00
9	1	10	823	1198.00
9	1	11	823	1201.00
9	1	10	823	1344.00
9	1	10	823	1414.00
9	1	11	823	1281.00
9	1	10	823	1203.00
9	1	11	823	1195.00
9	1	12	823	1320.00
9	1	12	823	1141.00
9	1	10	823	1340.00
9	1	11	823	1285.00
9	1	12	823	1224.00
9	1	10	823	1275.00
9	1	11	823	1195.00
9	1	11	823	1110.00
9	1	11	823	1170.00
9	1	11	823	1153.00
9	1	10	823	1138.00
9	1	12	823	1064.00
9	1	11	823	1145.00
9	1	11	823	1229.00
9	1	10	823	1160.00
9	1	11	823	1156.00
9	1	10	823	1141.00
9	1	10	823	1400.00
9	1	11	823	1397.00
9	1	10	823	1155.00
9	1	10	823	1266.00
9	1	11	823	1073.00
9	1	11	823	1173.00
9	1	11	823	1198.00
9	1	11	823	1361.00
9	1	11	823	1377.00
9	1	10	823	1256.00
9	1	12	823	1237.00
9	1	11	823	1194.00
9	1	11	823	1220.00
9	1	11	823	1197.00
9	1	10	823	1320.00
9	1	10	823	1344.00
9	1	12	823	1204.00
9	1	12	823	1300.00
9	1	11	823	1141.00
9	1	11	823	1133.00
9	1	11	823	1126.00
9	1	10	823	1152.00
9	1	11	823	1120.00
9	1	11	823	1145.00
9	1	12	823	1144.00
9	1	12	823	1191.00
9	1	11	823	918.00
10	1	11	3112	4415.00
10	1	12	3112	4018.00
10	1	12	3112	4067.00
10	1	10	3112	3815.00
10	1	11	3112	3958.00
10	1	12	3112	4278.00
10	1	11	3112	928.00
10	1	11	3112	4880.00
10	1	11	3112	2711.00
10	1	12	3112	4684.00
10	1	11	3112	4702.00
10	1	11	3112	3440.00
10	1	12	3112	4623.00
10	1	10	3112	5158.00
10	1	12	3112	4426.00
10	1	12	3112	4573.00
10	1	10	3112	3429.00
10	1	11	3112	4820.00
10	1	12	3112	4570.00
10	1	11	3112	5088.00
10	1	12	3112	3950.00
10	1	10	3112	4247.00
10	1	12	3112	3982.00
10	1	12	3112	2817.00
10	1	11	3112	3891.00
10	1	11	3112	3862.00
10	1	10	3112	3480.00
10	1	12	3112	4908.00
10	1	11	3112	4749.00
10	1	11	3112	4680.00
10	1	11	3112	4574.00
10	1	10	3112	4590.00
10	1	12	3112	5075.00
10	1	10	3112	4588.00
10	1	11	3112	4587.00
10	1	10	3112	4498.00
10	1	10	3112	3656.00
10	1	11	3112	2006.00
10	1	11	3112	4771.00
10	1	10	3112	5124.00
10	1	10	3112	1768.00
10	1	12	3112	4226.00
10	1	10	3112	4253.00
10	1	11	3112	4226.00
10	1	12	3112	3852.00
10	1	11	3112	2808.00
10	1	12	3112	1706.00
10	1	12	3112	2667.00
10	1	10	3112	913.00
10	1	10	3112	2097.00
8	1	12	1517	593.00
8	1	11	1517	544.00
8	1	10	1517	493.00
8	1	11	1517	479.00
8	1	12	1517	541.00
8	1	12	1517	507.00
8	1	11	1517	493.00
8	1	10	1517	519.00
8	1	12	1517	529.00
8	1	12	1517	495.00
8	1	10	1517	283.00
8	1	11	1517	201.00
8	1	11	1517	525.00
8	1	12	1517	515.00
8	1	11	1517	525.00
8	1	12	1517	488.00
8	1	11	1517	389.00
1	1	12	7	4.00
1	1	12	7	4.00
1	2443	15005	8	6776.00
1	2450	15004	8	8273.00
1	2444	15002	8	7468.00
1	1	12	7	3.00
1	2446	15005	8	6754.00
1	2446	15005	8	6889.00
1	2447	15002	8	6988.00
1	1	12	7	4.00
1	1	11	7	3.00
1	1	12	7	3.00
1	1	12	7	3.00
1	2444	15001	8	7446.00
1	2443	15001	8	6991.00
1	1	12	7	4.00
1	2445	15005	8	7581.00
1	2446	15004	8	7534.00
1	1	12	7	5.00
1	2443	15006	8	7438.00
1	2444	15002	8	7029.00
1	1	12	7	4.00
1	2448	15002	8	7296.00
1	2446	15002	8	7284.00
1	2447	15006	8	7069.00
1	2443	15004	8	6639.00
1	2446	15001	8	7251.00
1	2447	15003	8	8653.00
1	2446	15001	8	8202.00
1	1	12	7	4.00
2	1	12	112	5.00
2	1	12	112	5.00
2	1	11	112	7.00
2	1	12	112	6.00
2	1	11	112	6.00
2	1	12	112	6.00
2	1	12	112	6.00
2	1	10	112	6.00
2	1	12	112	6.00
2	1	11	112	6.00
2	1	12	112	6.00
2	1	12	112	7.00
2	1	11	112	6.00
2	1	12	112	6.00
2	1	10	112	6.00
2	1	11	112	6.00
2	1	11	112	5.00
2	1	11	112	6.00
2	1	11	112	4.00
2	1	11	112	6.00
2	1	12	112	6.00
2	1	11	112	7.00
2	1	12	112	6.00
2	1	11	112	6.00
2	1	11	112	6.00
2	1	11	112	6.00
2	1	10	112	6.00
2	1	12	112	6.00
2	1	10	112	7.00
2	1	10	112	6.00
1	249	15053	8	7827.00
1	249	15038	8	7599.00
1	249	15024	8	7899.00
1	249	15042	8	7778.00
1	249	15028	8	8439.00
1	249	15026	8	7538.00
1	249	15050	8	7810.00
1	249	15026	8	10356.00
1	249	15024	8	9298.00
1	249	15016	8	9257.00
1	249	15020	8	8917.00
1	249	15039	8	8375.00
1	249	15009	8	8919.00
1	249	15009	8	8883.00
1	249	15004	8	10340.00
1	248	15015	8	10437.00
1	249	15034	8	8912.00
1	249	15017	8	9873.00
1	249	15010	8	8581.00
1	249	15011	8	9740.00
1	249	15019	8	9727.00
1	249	15011	8	9636.00
1	249	15019	8	8924.00
1	249	15012	8	9035.00
1	249	15007	8	10116.00
1	249	15019	8	9019.00
1	249	15027	8	8719.00
1	249	15046	8	8885.00
1	249	15042	8	8396.00
1	249	15022	8	10327.00
1	249	15024	8	9284.00
1	249	15009	8	8763.00
1	249	15036	8	9432.00
1	249	15028	8	8787.00
1	249	15028	8	8328.00
1	249	15057	8	9194.00
1	249	15014	8	9146.00
1	248	15002	8	7485.00
1	249	15002	8	8423.00
2	1	93	112	87.00
2	246	15059	113	3939.00
2	247	15051	113	3776.00
2	1	92	112	63.00
2	1	91	112	69.00
2	247	15047	113	16529.00
2	245	15022	113	3975.00
2	1	99	112	74.00
2	246	15016	113	3597.00
2	1	94	112	67.00
2	246	15055	113	3819.00
2	246	15009	113	3636.00
2	1	93	112	62.00
2	246	15006	113	3764.00
2	246	15013	113	3841.00
2	1	94	112	62.00
2	1	91	112	66.00
2	1	93	112	58.00
2	1	94	112	59.00
2	246	15039	113	3727.00
2	246	15039	113	3681.00
2	247	15049	113	3944.00
2	1	97	112	85.00
2	1	93	112	82.00
2	1	96	112	79.00
2	1	92	112	63.00
2	246	15043	113	4096.00
2	246	15050	113	3870.00
2	1	96	112	64.00
2	1	94	112	62.00
3	1	93	35	81.00
3	1	94	35	106.00
3	246	15037	36	15130.00
3	1	91	35	82.00
3	250	15035	36	22054.00
3	1	92	35	98.00
3	1	92	35	81.00
3	1	95	35	82.00
3	1	93	35	93.00
3	1	97	35	85.00
3	1	91	35	89.00
3	247	15032	36	22152.00
3	1	91	35	77.00
3	247	15036	36	21691.00
3	245	15014	36	21616.00
3	247	15032	36	20611.00
3	1	95	35	84.00
3	248	15051	36	20864.00
3	1	95	35	107.00
3	1	95	35	79.00
3	1	93	35	82.00
3	1	95	35	84.00
3	1	96	35	95.00
3	1	92	35	81.00
3	1	95	35	79.00
3	1	92	35	79.00
3	1	101	35	87.00
3	1	93	35	82.00
3	250	15030	36	21444.00
3	1	92	35	95.00
4	1	94	232	163.00
4	245	15007	233	51189.00
4	1	97	232	238.00
4	1	96	232	205.00
4	246	15010	233	50730.00
4	1	95	232	196.00
4	245	15025	233	12987.00
4	1	92	232	187.00
4	1	98	232	177.00
4	1	94	232	195.00
4	245	15038	233	50446.00
4	246	15031	233	49837.00
4	1	97	232	196.00
4	1	94	232	222.00
4	1	91	232	214.00
4	1	93	232	181.00
4	1	95	232	204.00
4	1	93	232	214.00
4	245	15007	233	7197.00
4	1	94	232	231.00
4	246	15050	233	8669.00
4	1	91	232	209.00
4	1	93	232	170.00
4	1	93	232	181.00
4	1	94	232	173.00
4	1	98	232	206.00
4	1	92	232	222.00
4	1	91	232	193.00
4	1	91	232	178.00
4	1	93	232	156.00
5	1	91	154	390.00
5	1	92	154	440.00
5	1	93	154	383.00
5	1	92	154	389.00
5	1	91	154	433.00
5	1	94	154	370.00
5	1	91	154	407.00
5	1	92	154	381.00
5	1	92	154	397.00
5	1	93	154	399.00
5	1	92	154	397.00
5	1	92	154	434.00
5	1	92	154	398.00
5	1	91	154	438.00
5	1	93	154	387.00
5	1	92	154	405.00
5	1	92	154	392.00
5	1	91	154	409.00
5	1	91	154	427.00
5	1	94	154	393.00
5	1	93	154	400.00
5	1	94	154	379.00
5	1	91	154	418.00
5	1	91	154	381.00
5	1	93	154	376.00
5	1	93	154	390.00
5	1	91	154	393.00
5	1	92	154	451.00
5	1	93	154	368.00
5	1	92	154	413.00
6	1	92	741	1313.00
6	1	95	741	1268.00
6	1	91	741	1256.00
6	1	93	741	1329.00
6	1	91	741	1165.00
6	1	91	741	1313.00
6	1	93	741	1286.00
6	1	91	741	1287.00
6	1	92	741	1238.00
6	1	95	741	1286.00
6	1	91	741	1205.00
6	1	91	741	1270.00
6	1	91	741	1292.00
6	1	91	741	1209.00
6	1	96	741	1324.00
6	1	92	741	1270.00
6	1	91	741	1265.00
6	1	93	741	1365.00
6	1	94	741	1086.00
6	1	91	741	1288.00
6	1	92	741	1289.00
6	1	91	741	1250.00
6	1	92	741	1243.00
6	1	94	741	1286.00
6	1	93	741	1224.00
6	1	92	741	1290.00
6	1	92	741	1273.00
6	1	93	741	1296.00
6	1	92	741	1217.00
6	1	93	741	1096.00
7	1	93	338	1473.00
7	1	91	338	1426.00
7	1	93	338	1380.00
7	1	92	338	1422.00
7	1	95	338	1380.00
7	1	92	338	1403.00
7	1	93	338	1360.00
7	1	92	338	1407.00
7	1	91	338	1426.00
7	1	93	338	1372.00
7	1	94	338	1346.00
7	1	92	338	1369.00
7	1	91	338	1373.00
7	1	95	338	1365.00
7	1	92	338	1410.00
7	1	92	338	1383.00
7	1	95	338	1409.00
7	1	98	338	1389.00
7	1	92	338	1336.00
7	1	94	338	1363.00
7	1	92	338	1449.00
7	1	93	338	1455.00
7	1	91	338	1401.00
7	1	91	338	1367.00
7	1	93	338	1414.00
7	1	92	338	1381.00
7	1	92	338	1336.00
7	1	92	338	1482.00
7	1	92	338	1432.00
7	1	92	338	1495.00
8	1	92	1517	4918.00
8	1	94	1517	4687.00
8	1	92	1517	4999.00
8	1	93	1517	4487.00
8	1	94	1517	5122.00
8	1	94	1517	5103.00
8	1	91	1517	5166.00
8	244	15002	1518	1243423.00
8	1	92	1517	4763.00
8	1	92	1517	4338.00
8	1	92	1517	4956.00
8	1	92	1517	5023.00
8	1	94	1517	5004.00
8	1	92	1517	4826.00
8	1	95	1517	4657.00
8	1	92	1517	4733.00
8	250	15030	1518	3613402.00
8	1	91	1517	4601.00
8	1	92	1517	4779.00
8	1	92	1517	4432.00
8	1	92	1517	4165.00
8	1	91	1517	4833.00
8	1	91	1517	4183.00
8	1	92	1517	4552.00
8	1	96	1517	4592.00
8	1	94	1517	4680.00
8	1	92	1517	4470.00
8	1	99	1517	4768.00
8	1	91	1517	4452.00
8	1	95	1517	4605.00
9	1	92	823	6479.00
9	1	93	823	6695.00
9	1	91	823	6791.00
9	1	94	823	6772.00
9	1	91	823	6736.00
9	1	93	823	6980.00
9	1	92	823	6958.00
9	1	92	823	6510.00
9	1	93	823	6480.00
9	1	92	823	6331.00
9	1	93	823	6446.00
9	1	91	823	6579.00
9	1	92	823	6744.00
9	1	93	823	6860.00
9	1	93	823	6688.00
9	1	91	823	6511.00
9	1	92	823	6485.00
9	1	93	823	6504.00
9	1	93	823	6671.00
9	1	91	823	6787.00
9	1	93	823	6602.00
9	1	91	823	6514.00
9	1	93	823	6881.00
9	1	91	823	6906.00
9	1	92	823	6513.00
9	1	91	823	6820.00
9	1	91	823	6572.00
9	1	92	823	6555.00
9	1	91	823	6710.00
9	1	92	823	6483.00
10	1	93	3112	21794.00
10	1	91	3112	21804.00
10	1	91	3112	21766.00
10	1	93	3112	20713.00
10	1	93	3112	20456.00
10	1	95	3112	22553.00
10	1	95	3112	19747.00
10	1	91	3112	20903.00
10	1	91	3112	21302.00
10	1	91	3112	21974.00
10	1	94	3112	20953.00
10	1	91	3112	22699.00
10	1	91	3112	21070.00
10	1	99	3112	22218.00
10	1	92	3112	20521.00
10	1	94	3112	22319.00
10	1	91	3112	20237.00
10	1	93	3112	20498.00
10	1	93	3112	22612.00
10	488	30008	3113	5111970.00
10	1	94	3112	21997.00
10	1	92	3112	22018.00
10	1	93	3112	23104.00
10	1	93	3112	21500.00
10	1	91	3112	21447.00
10	1	93	3112	21019.00
10	1	92	3112	19664.00
10	1	95	3112	21347.00
10	1	92	3112	21846.00
10	1	91	3112	20724.00
