1	4.76619
11	5.09994
21	5.09994
31	5.09994
41	5.09994
51	5.09994
61	5.09994
71	5.09994
81	5.09994
91	5.09994
101	5.09994
111	5.09994
121	5.09994
131	5.09994
141	5.09994
151	5.09994
161	5.09994
171	5.09994
181	5.09994
191	5.09994
201	5.09994
211	5.09994
221	5.09994
231	5.09994
241	5.09994
251	5.09994
261	5.09994
271	5.09994
281	5.09994
291	5.09994
301	5.09994
311	5.09994
321	5.09994
331	5.09994
341	5.09994
351	5.09994
361	5.09994
371	5.09994
381	5.09994
391	5.09994
401	5.09994
411	5.09994
421	5.09994
431	5.09994
441	5.09994
451	5.09994
461	5.09994
471	5.09994
481	5.09994
491	5.09994
501	5.09994
511	5.09994
521	5.09994
531	5.09994
541	5.09994
551	5.09994
561	5.09994
571	5.09994
581	5.09994
591	5.09994
601	5.09994
611	5.09994
621	5.09994
631	5.09994
641	5.09994
651	5.09994
661	5.09994
671	5.09994
681	5.09994
691	5.09994
701	5.09994
711	5.09994
721	5.09994
731	5.09994
741	5.09994
751	5.09994
761	5.09994
771	5.09994
781	5.09994
791	5.09994
801	5.09994
811	5.09994
821	5.09994
831	5.09994
841	5.09994
851	5.09994
861	5.09994
871	5.09994
881	5.09994
891	5.09994
901	5.09994
911	5.09994
921	5.09994
931	5.09994
941	5.09994
951	5.09994
961	5.09994
971	5.09994
981	5.09994
991	5.09994
1001	5.09994
1011	5.09994
1021	5.09994
1031	5.09994
1041	5.09994
1051	5.09994
1061	5.09994
1071	5.09994
1081	5.09994
1091	5.09994
1101	5.09994
1111	5.09994
1121	5.09994
1131	5.09994
1141	5.09994
1151	5.09994
1161	5.09994
1171	5.09994
1181	5.09994
1191	5.09994
1201	5.09994
1211	5.09994
1221	5.09994
1231	5.09994
1241	5.09994
1251	5.09994
1261	5.09994
1271	5.09994
1281	5.09994
1291	5.09994
1301	5.09994
1311	5.09994
1321	5.09994
1331	5.09994
1341	5.09994
1351	5.09994
1361	5.09994
1371	5.09994
1381	5.09994
1391	5.09994
1401	5.09994
1411	5.09994
1421	5.09994
1431	5.09994
1441	5.09994
1451	5.09994
1461	5.09994
1471	5.09994
1481	5.09994
1491	5.09994
1501	5.09994
1511	5.09994
1521	5.09994
1531	5.09994
1541	5.09994
1551	5.09994
1561	5.09994
1571	5.09994
1581	5.09994
1591	5.09994
1601	5.09994
1611	5.09994
1621	5.09994
1631	5.09994
1641	5.09994
1651	5.09994
1661	5.09994
1671	5.09994
1681	5.09994
1691	5.09994
1701	5.09994
1711	5.09994
1721	5.09994
1731	5.09994
1741	5.09994
1751	5.09994
1761	5.09994
1771	5.09994
1781	5.09994
1791	5.09994
1801	5.09994
1811	5.09994
1821	5.09994
1831	5.09994
1841	5.09994
1851	5.09994
1861	5.09994
1871	5.09994
1881	5.09994
1891	5.09994
1901	5.09994
1911	5.09994
1921	5.09994
1931	5.09994
1941	5.09994
1951	5.09994
1961	5.09994
1971	5.09994
1981	5.09994
1991	5.09994
2001	5.09994
2011	5.09994
2021	5.09994
2031	5.09994
2041	5.09994
2051	5.09994
2061	5.09994
2071	5.09994
2081	5.09994
2091	5.09994
2101	5.09994
2111	5.09994
2121	5.09994
2131	5.09994
2141	5.09994
2151	5.09994
2161	5.09994
2171	5.09994
2181	5.09994
2191	5.09994
2201	5.09994
2211	5.09994
2221	5.09994
2231	5.09994
2241	5.09994
2251	5.09994
2261	5.09994
2271	5.09994
2281	5.09994
2291	5.09994
2301	5.09994
2311	5.09994
2321	5.09994
2331	5.09994
2341	5.09994
2351	5.09994
2361	5.09994
2371	5.09994
2381	5.09994
2391	5.09994
2401	5.09994
2411	5.09994
2421	5.09994
2431	5.09994
2441	5.09994
2451	5.09994
2461	5.09994
2471	5.09994
2481	5.09994
2491	5.09994
2501	5.09994
2511	5.09994
2521	5.09994
2531	5.09994
2541	5.09994
2551	5.09994
2561	5.09994
2571	5.09994
2581	5.09994
2591	5.09994
2601	5.09994
2611	5.09994
2621	5.09994
2631	5.09994
2641	5.09994
2651	5.09994
2661	5.09994
2671	5.09994
2681	5.09994
2691	5.09994
2701	5.09994
2711	5.09994
2721	5.09994
2731	5.09994
2741	5.09994
2751	5.09994
2761	5.09994
2771	5.09994
2781	5.09994
2791	5.09994
2801	5.09994
2811	5.09994
2821	5.09994
2831	5.09994
2841	5.09994
2851	5.09994
2861	5.09994
2871	5.09994
2881	5.09994
2891	5.09994
2901	5.09994
2911	5.09994
2921	5.09994
2931	5.09994
2941	5.09994
2951	5.09994
2961	5.09994
2971	5.09994
2981	5.09994
2991	5.09994
3001	5.09994
3011	5.09994
3021	5.09994
3031	5.09994
3041	5.09994
3051	5.09994
3061	5.09994
3071	5.09994
3081	5.09994
3091	5.09994
3101	5.09994
3111	5.09994
3121	5.09994
3131	5.09994
3141	5.09994
3151	5.09994
3161	5.09994
3171	5.09994
3181	5.09994
3191	5.09994
3201	5.09994
3211	5.09994
3221	5.09994
3231	5.09994
3241	5.09994
3251	5.09994
3261	5.09994
3271	5.09994
3281	5.09994
3291	5.09994
3301	5.09994
3311	5.09994
3321	5.09994
3331	5.09994
3341	5.09994
3351	5.09994
3361	5.09994
3371	5.09994
3381	5.09994
3391	5.09994
3401	5.09994
3411	5.09994
3421	5.09994
3431	5.09994
3441	5.09994
3451	5.09994
3461	5.09994
3471	5.09994
3481	5.09994
3491	5.09994
3501	5.09994
3511	5.09994
3521	5.09994
3531	5.09994
3541	5.09994
3551	5.09994
3561	5.09994
3571	5.09994
3581	5.09994
3591	5.09994
3601	5.09994
3611	5.09994
3621	5.09994
3631	5.09994
3641	5.09994
3651	5.09994
3661	5.09994
3671	5.09994
3681	5.09994
3691	5.09994
3701	5.09994
3711	5.09994
3721	5.09994
3731	5.09994
3741	5.09994
3751	5.09994
3761	5.09994
3771	5.09994
3781	5.09994
3791	5.09994
3801	5.09994
3811	5.09994
3821	5.09994
3831	5.09994
3841	5.09994
3851	5.09994
3861	5.09994
3871	5.09994
3881	5.09994
3891	5.09994
3901	5.09994
3911	5.09994
3921	5.09994
3931	5.09994
3941	5.09994
3951	5.09994
3961	5.09994
3971	5.09994
3981	5.09994
3991	5.09994
4001	5.09994
4011	5.09994
4021	5.09994
4031	5.09994
4041	5.09994
4051	5.09994
4061	5.09994
4071	5.09994
4081	5.09994
4091	5.09994
4101	5.09994
4111	5.09994
4121	5.09994
4131	5.09994
4141	5.09994
4151	5.09994
4161	5.09994
4171	5.09994
4181	5.09994
4191	5.09994
4201	5.09994
4211	5.09994
4221	5.09994
4231	5.09994
4241	5.09994
4251	5.09994
4261	5.09994
4271	5.09994
4281	5.09994
4291	5.09994
4301	5.09994
4311	5.09994
4321	5.09994
4331	5.09994
4341	5.09994
4351	5.09994
4361	5.09994
4371	5.09994
4381	5.09994
4391	5.09994
4401	5.09994
4411	5.09994
4421	5.09994
4431	5.09994
4441	5.09994
4451	5.09994
4461	5.09994
4471	5.09994
4481	5.09994
4491	5.09994
4501	5.09994
4511	5.09994
4521	5.09994
4531	5.09994
4541	5.09994
4551	5.09994
4561	5.09994
4571	5.09994
4581	5.09994
4591	5.09994
4601	5.09994
4611	5.09994
4621	5.09994
4631	5.09994
4641	5.09994
4651	5.09994
4661	5.09994
4671	5.09994
4681	5.09994
4691	5.09994
4701	5.09994
4711	5.09994
4721	5.09994
4731	5.09994
4741	5.09994
4751	5.09994
4761	5.09994
4771	5.09994
4781	5.09994
4791	5.09994
4801	5.09994
4811	5.09994
4821	5.09994
4831	5.09994
4841	5.09994
4851	5.09994
4861	5.09994
4871	5.09994
4881	5.09994
4891	5.09994
4901	5.09994
4911	5.09994
4921	5.09994
4931	5.09994
4941	5.09994
4951	5.09994
4961	5.09994
4971	5.09994
4981	5.09994
4991	5.09994
5001	5.09994
5011	5.09994
5021	5.09994
5031	5.09994
5041	5.09994
5051	5.09994
5061	5.09994
5071	5.09994
5081	5.09994
5091	5.09994
5101	5.09994
5111	5.09994
5121	5.09994
5131	5.09994
5141	5.09994
5151	5.09994
5161	5.09994
5171	5.09994
5181	5.09994
5191	5.09994
5201	5.09994
5211	5.09994
5221	5.09994
5231	5.09994
5241	5.09994
5251	5.09994
5261	5.09994
5271	5.09994
5281	5.09994
5291	5.09994
5301	5.09994
5311	5.09994
5321	5.09994
5331	5.09994
5341	5.09994
5351	5.09994
5361	5.09994
5371	5.09994
5381	5.09994
5391	5.09994
5401	5.09994
5411	5.09994
5421	5.09994
5431	5.09994
5441	5.09994
5451	5.09994
5461	5.09994
5471	5.09994
5481	5.09994
5491	5.09994
5501	5.09994
5511	5.09994
5521	5.09994
5531	5.09994
5541	5.09994
5551	5.09994
5561	5.09994
5571	5.09994
5581	5.09994
5591	5.09994
5601	5.09994
5611	5.09994
5621	5.09994
5631	5.09994
5641	5.09994
5651	5.09994
5661	5.09994
5671	5.09994
5681	5.09994
5691	5.09994
5701	5.09994
5711	5.09994
5721	5.09994
5731	5.09994
5741	5.09994
5751	5.09994
5761	5.09994
5771	5.09994
5781	5.09994
5791	5.09994
5801	5.09994
5811	5.09994
5821	5.09994
5831	5.09994
5841	5.09994
5851	5.09994
5861	5.09994
5871	5.09994
5881	5.09994
5891	5.09994
5901	5.09994
5911	5.09994
5921	5.09994
5931	5.09994
5941	5.09994
5951	5.09994
5961	5.09994
5971	5.09994
5981	5.09994
5991	5.09994
6001	5.09994
6011	5.09994
6021	5.09994
6031	5.09994
6041	5.09994
6051	5.09994
6061	5.09994
6071	5.09994
6081	5.09994
6091	5.09994
6101	5.09994
6111	5.09994
6121	5.09994
6131	5.09994
6141	5.09994
6151	5.09994
6161	5.09994
6171	5.09994
6181	5.09994
6191	5.09994
6201	5.09994
6211	5.09994
6221	5.09994
6231	5.09994
6241	5.09994
6251	5.09994
6261	5.09994
6271	5.09994
6281	5.09994
6291	5.09994
6301	5.09994
6311	5.09994
6321	5.09994
6331	5.09994
6341	5.09994
6351	5.09994
6361	5.09994
6371	5.09994
6381	5.09994
6391	5.09994
6401	5.09994
6411	5.09994
6421	5.09994
6431	5.09994
6441	5.09994
6451	5.09994
6461	5.09994
6471	5.09994
6481	5.09994
6491	5.09994
6501	5.09994
6511	5.09994
6521	5.09994
6531	5.09994
6541	5.09994
6551	5.09994
6561	5.09994
6571	5.09994
6581	5.09994
6591	5.09994
6601	5.09994
6611	5.09994
6621	5.09994
6631	5.09994
6641	5.09994
6651	5.09994
6661	5.09994
6671	5.09994
6681	5.09994
6691	5.09994
6701	5.09994
6711	5.09994
6721	5.09994
6731	5.09994
6741	5.09994
6751	5.09994
6761	5.09994
6771	5.09994
6781	5.09994
6791	5.09994
6801	5.09994
6811	5.09994
6821	5.09994
6831	5.09994
6841	5.09994
6851	5.09994
6861	5.09994
6871	5.09994
6881	5.09994
6891	5.09994
6901	5.09994
6911	5.09994
6921	5.09994
6931	5.09994
6941	5.09994
6951	5.09994
6961	5.09994
6971	5.09994
6981	5.09994
6991	5.09994
7001	5.09994
7011	5.09994
7021	5.09994
7031	5.09994
7041	5.09994
7051	5.09994
7061	5.09994
7071	5.09994
7081	5.09994
7091	5.09994
7101	5.09994
7111	5.09994
7121	5.09994
7131	5.09994
7141	5.09994
7151	5.09994
7161	5.09994
7171	5.09994
7181	5.09994
7191	5.09994
7201	5.09994
7211	5.09994
7221	5.09994
7231	5.09994
7241	5.09994
7251	5.09994
7261	5.09994
7271	5.09994
7281	5.09994
7291	5.09994
7301	5.09994
7311	5.09994
7321	5.09994
7331	5.09994
7341	5.09994
7351	5.09994
7361	5.09994
7371	5.09994
7381	5.09994
7391	5.09994
7401	5.09994
7411	5.09994
7421	5.09994
7431	5.09994
7441	5.09994
7451	5.09994
7461	5.09994
7471	5.09994
7481	5.09994
7491	5.09994
7501	5.09994
7511	5.09994
7521	5.09994
7531	5.09994
7541	5.09994
7551	5.09994
7561	5.09994
7571	5.09994
7581	5.09994
7591	5.09994
7601	5.09994
7611	5.09994
7621	5.09994
7631	5.09994
7641	5.09994
7651	5.09994
7661	5.09994
7671	5.09994
7681	5.09994
7691	5.09994
7701	5.09994
7711	5.09994
7721	5.09994
7731	5.09994
7741	5.09994
7751	5.09994
7761	5.09994
7771	5.09994
7781	5.09994
7791	5.09994
7801	5.09994
7811	5.09994
7821	5.09994
7831	5.09994
7841	5.09994
7851	5.09994
7861	5.09994
7871	5.09994
7881	5.09994
7891	5.09994
7901	5.09994
7911	5.09994
7921	5.09994
7931	5.09994
7941	5.09994
7951	5.09994
7961	5.09994
7971	5.09994
7981	5.09994
7991	5.09994
8001	5.09994
8011	5.09994
8021	5.09994
8031	5.09994
8041	5.09994
8051	5.09994
8061	5.09994
8071	5.09994
8081	5.09994
8091	5.09994
8101	5.09994
8111	5.09994
8121	5.09994
8131	5.09994
8141	5.09994
8151	5.09994
8161	5.09994
8171	5.09994
8181	5.09994
8191	5.09994
8201	5.09994
8211	5.09994
8221	5.09994
8231	5.09994
8241	5.09994
8251	5.09994
8261	5.09994
8271	5.09994
8281	5.09994
8291	5.09994
8301	5.09994
8311	5.09994
8321	5.09994
8331	5.09994
8341	5.09994
8351	5.09994
8361	5.09994
8371	5.09994
8381	5.09994
8391	5.09994
8401	5.09994
8411	5.09994
8421	5.09994
8431	5.09994
8441	5.09994
8451	5.09994
8461	5.09994
8471	5.09994
8481	5.09994
8491	5.09994
8501	5.09994
8511	5.09994
8521	5.09994
8531	5.09994
8541	5.09994
8551	5.09994
8561	5.09994
8571	5.09994
8581	5.09994
8591	5.09994
8601	5.09994
8611	5.09994
8621	5.09994
8631	5.09994
8641	5.09994
8651	5.09994
8661	5.09994
8671	5.09994
8681	5.09994
8691	5.09994
8701	5.09994
8711	5.09994
8721	5.09994
8731	5.09994
8741	5.09994
8751	5.09994
8761	5.09994
8771	5.09994
8781	5.09994
8791	5.09994
8801	5.09994
8811	5.09994
8821	5.09994
8831	5.09994
8841	5.09994
8851	5.09994
8861	5.09994
8871	5.09994
8881	5.09994
8891	5.09994
8901	5.09994
8911	5.09994
8921	5.09994
8931	5.09994
8941	5.09994
8951	5.09994
8961	5.09994
8971	5.09994
8981	5.09994
8991	5.09994
9001	5.09994
9011	5.09994
9021	5.09994
9031	5.09994
9041	5.09994
9051	5.09994
9061	5.09994
9071	5.09994
9081	5.09994
9091	5.09994
9101	5.09994
9111	5.09994
9121	5.09994
9131	5.09994
9141	5.09994
9151	5.09994
9161	5.09994
9171	5.09994
9181	5.09994
9191	5.09994
9201	5.09994
9211	5.09994
9221	5.09994
9231	5.09994
9241	5.09994
9251	5.09994
9261	5.09994
9271	5.09994
9281	5.09994
9291	5.09994
9301	5.09994
9311	5.09994
9321	5.09994
9331	5.09994
9341	5.09994
9351	5.09994
9361	5.09994
9371	5.09994
9381	5.09994
9391	5.09994
9401	5.09994
9411	5.09994
9421	5.09994
9431	5.09994
9441	5.09994
9451	5.09994
9461	5.09994
9471	5.09994
9481	5.09994
9491	5.09994
9501	5.09994
9511	5.09994
9521	5.09994
9531	5.09994
9541	5.09994
9551	5.09994
9561	5.09994
9571	5.09994
9581	5.09994
9591	5.09994
9601	5.09994
9611	5.09994
9621	5.09994
9631	5.09994
9641	5.09994
9651	5.09994
9661	5.09994
9671	5.09994
9681	5.09994
9691	5.09994
9701	5.09994
9711	5.09994
9721	5.09994
9731	5.09994
9741	5.09994
9751	5.09994
9761	5.09994
9771	5.09994
9781	5.09994
9791	5.09994
9801	5.09994
9811	5.09994
9821	5.09994
9831	5.09994
9841	5.09994
9851	5.09994
9861	5.09994
9871	5.09994
9881	5.09994
9891	5.09994
9901	5.09994
9911	5.09994
9921	5.09994
9931	5.09994
9941	5.09994
9951	5.09994
9961	5.09994
9971	5.09994
9981	5.09994
9991	5.09994
10001	5.09994
10011	5.09994
10021	5.09994
10031	5.09994
10041	5.09994
10051	5.09994
10061	5.09994
10071	5.09994
10081	5.09994
10091	5.09994
10101	5.09994
10111	5.09994
10121	5.09994
10131	5.09994
10141	5.09994
10151	5.09994
10161	5.09994
10171	5.09994
10181	5.09994
10191	5.09994
10201	5.09994
10211	5.09994
10221	5.09994
10231	5.09994
10241	5.09994
10251	5.09994
10261	5.09994
10271	5.09994
10281	5.09994
10291	5.09994
10301	5.09994
10311	5.09994
10321	5.09994
10331	5.09994
10341	5.09994
10351	5.09994
10361	5.09994
10371	5.09994
10381	5.09994
10391	5.09994
10401	5.09994
10411	5.09994
10421	5.09994
10431	5.09994
10441	5.09994
10451	5.09994
10461	5.09994
10471	5.09994
10481	5.09994
10491	5.09994
10501	5.09994
10511	5.09994
10521	5.09994
10531	5.09994
10541	5.09994
10551	5.09994
10561	5.09994
10571	5.09994
10581	5.09994
10591	5.09994
10601	5.09994
10611	5.09994
10621	5.09994
10631	5.09994
10641	5.09994
10651	5.09994
10661	5.09994
10671	5.09994
10681	5.09994
10691	5.09994
10701	5.09994
10711	5.09994
10721	5.09994
10731	5.09994
10741	5.09994
10751	5.09994
10761	5.09994
10771	5.09994
10781	5.09994
10791	5.09994
10801	5.09994
10811	5.09994
10821	5.09994
10831	5.09994
10841	5.09994
10851	5.09994
10861	5.09994
10871	5.09994
10881	5.09994
10891	5.09994
10901	5.09994
10911	5.09994
10921	5.09994
10931	5.09994
10941	5.09994
10951	5.09994
10961	5.09994
10971	5.09994
10981	5.09994
10991	5.09994
11001	5.09994
11011	5.09994
11021	5.09994
11031	5.09994
11041	5.09994
11051	5.09994
11061	5.09994
11071	5.09994
11081	5.09994
11091	5.09994
11101	5.09994
11111	5.09994
11121	5.09994
11131	5.09994
11141	5.09994
11151	5.09994
11161	5.09994
11171	5.09994
11181	5.09994
11191	5.09994
11201	5.09994
11211	5.09994
11221	5.09994
11231	5.09994
11241	5.09994
11251	5.09994
11261	5.09994
11271	5.09994
11281	5.09994
11291	5.09994
11301	5.09994
11311	5.09994
11321	5.09994
11331	5.09994
11341	5.09994
11351	5.09994
11361	5.09994
11371	5.09994
11381	5.09994
11391	5.09994
11401	5.09994
11411	5.09994
11421	5.09994
11431	5.09994
11441	5.09994
11451	5.09994
11461	5.09994
11471	5.09994
11481	5.09994
11491	5.09994
11501	5.09994
11511	5.09994
11521	5.09994
11531	5.09994
11541	5.09994
11551	5.09994
11561	5.09994
11571	5.09994
11581	5.09994
11591	5.09994
11601	5.09994
11611	5.09994
11621	5.09994
11631	5.09994
11641	5.09994
11651	5.09994
11661	5.09994
11671	5.09994
11681	5.09994
11691	5.09994
11701	5.09994
11711	5.09994
11721	5.09994
11731	5.09994
11741	5.09994
11751	5.09994
11761	5.09994
11771	5.09994
11781	5.09994
11791	5.09994
11801	5.09994
11811	5.09994
11821	5.09994
11831	5.09994
11841	5.09994
11851	5.09994
11861	5.09994
11871	5.09994
11881	5.09994
11891	5.09994
11901	5.09994
11911	5.09994
11921	5.09994
11931	5.09994
11941	5.09994
11951	5.09994
11961	5.09994
11971	5.09994
11981	5.09994
11991	5.09994
12001	5.09994
12011	5.09994
12021	5.09994
12031	5.09994
12041	5.09994
12051	5.09994
12061	5.09994
12071	5.09994
12081	5.09994
12091	5.09994
12101	5.09994
12111	5.09994
12121	5.09994
12131	5.09994
12141	5.09994
12151	5.09994
12161	5.09994
12171	5.09994
12181	5.09994
12191	5.09994
12201	5.09994
12211	5.09994
12221	5.09994
12231	5.09994
12241	5.09994
12251	5.09994
12261	5.09994
12271	5.09994
12281	5.09994
12291	5.09994
12301	5.09994
12311	5.09994
12321	5.09994
12331	5.09994
12341	5.09994
12351	5.09994
12361	5.09994
12371	5.09994
12381	5.09994
12391	5.09994
12401	5.09994
12411	5.09994
12421	5.09994
12431	5.09994
12441	5.09994
12451	5.09994
12461	5.09994
12471	5.09994
12481	5.09994
12491	5.09994
12501	5.09994
12511	5.09994
12521	5.09994
12531	5.09994
12541	5.09994
12551	5.09994
12561	5.09994
12571	5.09994
12581	5.09994
12591	5.09994
12601	5.09994
12611	5.09994
12621	5.09994
12631	5.09994
12641	5.09994
12651	5.09994
12661	5.09994
12671	5.09994
12681	5.09994
12691	5.09994
12701	5.09994
12711	5.09994
12721	5.09994
12731	5.09994
12741	5.09994
12751	5.09994
12761	5.09994
12771	5.09994
12781	5.09994
12791	5.09994
12801	5.09994
12811	5.09994
12821	5.09994
12831	5.09994
12841	5.09994
12851	5.09994
12861	5.09994
12871	5.09994
12881	5.09994
12891	5.09994
12901	5.09994
12911	5.09994
12921	5.09994
12931	5.09994
12941	5.09994
12951	5.09994
12961	5.09994
12971	5.09994
12981	5.09994
12991	5.09994
13001	5.09994
13011	5.09994
13021	5.09994
13031	5.09994
13041	5.09994
13051	5.09994
13061	5.09994
13071	5.09994
13081	5.09994
13091	5.09994
13101	5.09994
13111	5.09994
13121	5.09994
13131	5.09994
13141	5.09994
13151	5.09994
13161	5.09994
13171	5.09994
13181	5.09994
13191	5.09994
13201	5.09994
13211	5.09994
13221	5.09994
13231	5.09994
13241	5.09994
13251	5.09994
13261	5.09994
13271	5.09994
13281	5.09994
13291	5.09994
13301	5.09994
13311	5.09994
13321	5.09994
13331	5.09994
13341	5.09994
13351	5.09994
13361	5.09994
13371	5.09994
13381	5.09994
13391	5.09994
13401	5.09994
13411	5.09994
13421	5.09994
13431	5.09994
13441	5.09994
13451	5.09994
13461	5.09994
13471	5.09994
13481	5.09994
13491	5.09994
13501	5.09994
13511	5.09994
13521	5.09994
13531	5.09994
13541	5.09994
13551	5.09994
13561	5.09994
13571	5.09994
13581	5.09994
13591	5.09994
13601	5.09994
13611	5.09994
13621	5.09994
13631	5.09994
13641	5.09994
13651	5.09994
13661	5.09994
13671	5.09994
13681	5.09994
13691	5.09994
13701	5.09994
13711	5.09994
13721	5.09994
13731	5.09994
13741	5.09994
13751	5.09994
13761	5.09994
13771	5.09994
13781	5.09994
13791	5.09994
13801	5.09994
13811	5.09994
13821	5.09994
13831	5.09994
13841	5.09994
13851	5.09994
13861	5.09994
13871	5.09994
13881	5.09994
13891	5.09994
13901	5.09994
13911	5.09994
13921	5.09994
13931	5.09994
13941	5.09994
13951	5.09994
13961	5.09994
13971	5.09994
13981	5.09994
13991	5.09994
14001	5.09994
14011	5.09994
14021	5.09994
14031	5.09994
14041	5.09994
14051	5.09994
14061	5.09994
14071	5.09994
14081	5.09994
14091	5.09994
14101	5.09994
14111	5.09994
14121	5.09994
14131	5.09994
14141	5.09994
14151	5.09994
14161	5.09994
14171	5.09994
14181	5.09994
14191	5.09994
14201	5.09994
14211	5.09994
14221	5.09994
14231	5.09994
14241	5.09994
14251	5.09994
14261	5.09994
14271	5.09994
14281	5.09994
14291	5.09994
14301	5.09994
14311	5.09994
14321	5.09994
14331	5.09994
14341	5.09994
14351	5.09994
14361	5.09994
14371	5.09994
14381	5.09994
14391	5.09994
14401	5.09994
14411	5.09994
14421	5.09994
14431	5.09994
14441	5.09994
14451	5.09994
14461	5.09994
14471	5.09994
14481	5.09994
14491	5.09994
14501	5.09994
14511	5.09994
14521	5.09994
14531	5.09994
14541	5.09994
14551	5.09994
14561	5.09994
14571	5.09994
14581	5.09994
14591	5.09994
14601	5.09994
14611	5.09994
14621	5.09994
14631	5.09994
14641	5.09994
14651	5.09994
14661	5.09994
14671	5.09994
14681	5.09994
14691	5.09994
14701	5.09994
14711	5.09994
14721	5.09994
14731	5.09994
14741	5.09994
14751	5.09994
14761	5.09994
14771	5.09994
14781	5.09994
14791	5.09994
14801	5.09994
14811	5.09994
14821	5.09994
14831	5.09994
14841	5.09994
14851	5.09994
14861	5.09994
14871	5.09994
14881	5.09994
14891	5.09994
14901	5.09994
14911	5.09994
14921	5.09994
14931	5.09994
14941	5.09994
14951	5.09994
14961	5.09994
14971	5.09994
14981	5.09994
14991	5.09994
15001	5.09994
15011	5.09994
15021	5.09994
15031	5.09994
15041	5.09994
15051	5.09994
15061	5.09994
15071	5.09994
15081	5.09994
15091	5.09994
15101	5.09994
15111	5.09994
15121	5.09994
15131	5.09994
15141	5.09994
15151	5.09994
15161	5.09994
15171	5.09994
15181	5.09994
15191	5.09994
15201	5.09994
15211	5.09994
15221	5.09994
15231	5.09994
15241	5.09994
15251	5.09994
15261	5.09994
15271	5.09994
15281	5.09994
15291	5.09994
15301	5.09994
15311	5.09994
15321	5.09994
15331	5.09994
15341	5.09994
15351	5.09994
15361	5.09994
15371	5.09994
15381	5.09994
15391	5.09994
15401	5.09994
15411	5.09994
15421	5.09994
15431	5.09994
15441	5.09994
15451	5.09994
15461	5.09994
15471	5.09994
15481	5.09994
15491	5.09994
15501	5.09994
15511	5.09994
15521	5.09994
15531	5.09994
15541	5.09994
15551	5.09994
15561	5.09994
15571	5.09994
15581	5.09994
15591	5.09994
15601	5.09994
15611	5.09994
15621	5.09994
15631	5.09994
15641	5.09994
15651	5.09994
15661	5.09994
15671	5.09994
15681	5.09994
15691	5.09994
15701	5.09994
15711	5.09994
15721	5.09994
15731	5.09994
15741	5.09994
15751	5.09994
15761	5.09994
15771	5.09994
15781	5.09994
15791	5.09994
15801	5.09994
15811	5.09994
15821	5.09994
15831	5.09994
15841	5.09994
15851	5.09994
15861	5.09994
15871	5.09994
15881	5.09994
15891	5.09994
15901	5.09994
15911	5.09994
15921	5.09994
15931	5.09994
15941	5.09994
15951	5.09994
15961	5.09994
15971	5.09994
15981	5.09994
15991	5.09994
16001	5.09994
16011	5.09994
16021	5.09994
16031	5.09994
16041	5.09994
16051	5.09994
16061	5.09994
16071	5.09994
16081	5.09994
16091	5.09994
16101	5.09994
16111	5.09994
16121	5.09994
16131	5.09994
16141	5.09994
16151	5.09994
16161	5.09994
16171	5.09994
16181	5.09994
16191	5.09994
16201	5.09994
16211	5.09994
16221	5.09994
16231	5.09994
16241	5.09994
16251	5.09994
16261	5.09994
16271	5.09994
16281	5.09994
16291	5.09994
16301	5.09994
16311	5.09994
16321	5.09994
16331	5.09994
16341	5.09994
16351	5.09994
16361	5.09994
16371	5.09994
16381	5.09994
16391	5.09994
16401	5.09994
16411	5.09994
16421	5.09994
16431	5.09994
16441	5.09994
16451	5.09994
16461	5.09994
16471	5.09994
16481	5.09994
16491	5.09994
16501	5.09994
16511	5.09994
16521	5.09994
16531	5.09994
16541	5.09994
16551	5.09994
16561	5.09994
16571	5.09994
16581	5.09994
16591	5.09994
16601	5.09994
16611	5.09994
16621	5.09994
16631	5.09994
16641	5.09994
16651	5.09994
16661	5.09994
16671	5.09994
16681	5.09994
16691	5.09994
16701	5.09994
16711	5.09994
16721	5.09994
16731	5.09994
16741	5.09994
16751	5.09994
16761	5.09994
16771	5.09994
16781	5.09994
16791	5.09994
16801	5.09994
16811	5.09994
16821	5.09994
16831	5.09994
16841	5.09994
16851	5.09994
16861	5.09994
16871	5.09994
16881	5.09994
16891	5.09994
16901	5.09994
16911	5.09994
16921	5.09994
16931	5.09994
16941	5.09994
16951	5.09994
16961	5.09994
16971	5.09994
16981	5.09994
16991	5.09994
17001	5.09994
17011	5.09994
17021	5.09994
17031	5.09994
17041	5.09994
17051	5.09994
17061	5.09994
17071	5.09994
17081	5.09994
17091	5.09994
17101	5.09994
17111	5.09994
17121	5.09994
17131	5.09994
17141	5.09994
17151	5.09994
17161	5.09994
17171	5.09994
17181	5.09994
17191	5.09994
17201	5.09994
17211	5.09994
17221	5.09994
17231	5.09994
17241	5.09994
17251	5.09994
17261	5.09994
17271	5.09994
17281	5.09994
17291	5.09994
17301	5.09994
17311	5.09994
17321	5.09994
17331	5.09994
17341	5.09994
17351	5.09994
17361	5.09994
17371	5.09994
17381	5.09994
17391	5.09994
17401	5.09994
17411	5.09994
17421	5.09994
17431	5.09994
17441	5.09994
17451	5.09994
17461	5.09994
17471	5.09994
17481	5.09994
17491	5.09994
17501	5.09994
17511	5.09994
17521	5.09994
17531	5.09994
17541	5.09994
17551	5.09994
17561	5.09994
17571	5.09994
17581	5.09994
17591	5.09994
17601	5.09994
17611	5.09994
17621	5.09994
17631	5.09994
17641	5.09994
17651	5.09994
17661	5.09994
17671	5.09994
17681	5.09994
17691	5.09994
17701	5.09994
17711	5.09994
17721	5.09994
17731	5.09994
17741	5.09994
17751	5.09994
17761	5.09994
17771	5.09994
17781	5.09994
17791	5.09994
17801	5.09994
17811	5.09994
17821	5.09994
17831	5.09994
17841	5.09994
17851	5.09994
17861	5.09994
17871	5.09994
17881	5.09994
17891	5.09994
17901	5.09994
17911	5.09994
17921	5.09994
17931	5.09994
17941	5.09994
17951	5.09994
17961	5.09994
17971	5.09994
17981	5.09994
17991	5.09994
18001	5.09994
18011	5.09994
18021	5.09994
18031	5.09994
18041	5.09994
18051	5.09994
18061	5.09994
18071	5.09994
18081	5.09994
18091	5.09994
18101	5.09994
18111	5.09994
18121	5.09994
18131	5.09994
18141	5.09994
18151	5.09994
18161	5.09994
18171	5.09994
18181	5.09994
18191	5.09994
18201	5.09994
18211	5.09994
18221	5.09994
18231	5.09994
18241	5.09994
18251	5.09994
18261	5.09994
18271	5.09994
18281	5.09994
18291	5.09994
18301	5.09994
18311	5.09994
18321	5.09994
18331	5.09994
18341	5.09994
18351	5.09994
18361	5.09994
18371	5.09994
18381	5.09994
18391	5.09994
18401	5.09994
18411	5.09994
18421	5.09994
18431	5.09994
18441	5.09994
18451	5.09994
18461	5.09994
18471	5.09994
18481	5.09994
18491	5.09994
18501	5.09994
18511	5.09994
18521	5.09994
18531	5.09994
18541	5.09994
18551	5.09994
18561	5.09994
18571	5.09994
18581	5.09994
18591	5.09994
18601	5.09994
18611	5.09994
18621	5.09994
18631	5.09994
18641	5.09994
18651	5.09994
18661	5.09994
18671	5.09994
18681	5.09994
18691	5.09994
18701	5.09994
18711	5.09994
18721	5.09994
18731	5.09994
18741	5.09994
18751	5.09994
18761	5.09994
18771	5.09994
18781	5.09994
18791	5.09994
18801	5.09994
18811	5.09994
18821	5.09994
18831	5.09994
18841	5.09994
18851	5.09994
18861	5.09994
18871	5.09994
18881	5.09994
18891	5.09994
18901	5.09994
18911	5.09994
18921	5.09994
18931	5.09994
18941	5.09994
18951	5.09994
18961	5.09994
18971	5.09994
18981	5.09994
18991	5.09994
19001	5.09994
19011	5.09994
19021	5.09994
19031	5.09994
19041	5.09994
19051	5.09994
19061	5.09994
19071	5.09994
19081	5.09994
19091	5.09994
19101	5.09994
19111	5.09994
19121	5.09994
19131	5.09994
19141	5.09994
19151	5.09994
19161	5.09994
19171	5.09994
19181	5.09994
19191	5.09994
19201	5.09994
19211	5.09994
19221	5.09994
19231	5.09994
19241	5.09994
19251	5.09994
19261	5.09994
19271	5.09994
19281	5.09994
19291	5.09994
19301	5.09994
19311	5.09994
19321	5.09994
19331	5.09994
19341	5.09994
19351	5.09994
19361	5.09994
19371	5.09994
19381	5.09994
19391	5.09994
19401	5.09994
19411	5.09994
19421	5.09994
19431	5.09994
19441	5.09994
19451	5.09994
19461	5.09994
19471	5.09994
19481	5.09994
19491	5.09994
19501	5.09994
19511	5.09994
19521	5.09994
19531	5.09994
19541	5.09994
19551	5.09994
19561	5.09994
19571	5.09994
19581	5.09994
19591	5.09994
19601	5.09994
19611	5.09994
19621	5.09994
19631	5.09994
19641	5.09994
19651	5.09994
19661	5.09994
19671	5.09994
19681	5.09994
19691	5.09994
19701	5.09994
19711	5.09994
19721	5.09994
19731	5.09994
19741	5.09994
19751	5.09994
19761	5.09994
19771	5.09994
19781	5.09994
19791	5.09994
19801	5.09994
19811	5.09994
19821	5.09994
19831	5.09994
19841	5.09994
19851	5.09994
19861	5.09994
19871	5.09994
19881	5.09994
19891	5.09994
19901	5.09994
19911	5.09994
19921	5.09994
19931	5.09994
19941	5.09994
19951	5.09994
19961	5.09994
19971	5.09994
19981	5.09994
19991	5.09994
20001	5.09994
20011	5.09994
20021	5.09994
20031	5.09994
20041	5.09994
20051	5.09994
20061	5.09994
20071	5.09994
20081	5.09994
20091	5.09994
20101	5.09994
20111	5.09994
20121	5.09994
20131	5.09994
20141	5.09994
20151	5.09994
20161	5.09994
20171	5.09994
20181	5.09994
20191	5.09994
20201	5.09994
20211	5.09994
20221	5.09994
20231	5.09994
20241	5.09994
20251	5.09994
20261	5.09994
20271	5.09994
20281	5.09994
20291	5.09994
20301	5.09994
20311	5.09994
20321	5.09994
20331	5.09994
20341	5.09994
20351	5.09994
20361	5.09994
20371	5.09994
20381	5.09994
20391	5.09994
20401	5.09994
20411	5.09994
20421	5.09994
20431	5.09994
20441	5.09994
20451	5.09994
20461	5.09994
20471	5.09994
20481	5.09994
20491	5.09994
20501	5.09994
20511	5.09994
20521	5.09994
20531	5.09994
20541	5.09994
20551	5.09994
20561	5.09994
20571	5.09994
20581	5.09994
20591	5.09994
20601	5.09994
20611	5.09994
20621	5.09994
20631	5.09994
20641	5.09994
20651	5.09994
20661	5.09994
20671	5.09994
20681	5.09994
20691	5.09994
20701	5.09994
20711	5.09994
20721	5.09994
20731	5.09994
20741	5.09994
20751	5.09994
20761	5.09994
20771	5.09994
20781	5.09994
20791	5.09994
20801	5.09994
20811	5.09994
20821	5.09994
20831	5.09994
20841	5.09994
20851	5.09994
20861	5.09994
20871	5.09994
20881	5.09994
20891	5.09994
20901	5.09994
20911	5.09994
20921	5.09994
20931	5.09994
20941	5.09994
20951	5.09994
20961	5.09994
20971	5.09994
20981	5.09994
20991	5.09994
21001	5.09994
21011	5.09994
21021	5.09994
21031	5.09994
21041	5.09994
21051	5.09994
21061	5.09994
21071	5.09994
21081	5.09994
21091	5.09994
21101	5.09994
21111	5.09994
21121	5.09994
21131	5.09994
21141	5.09994
21151	5.09994
21161	5.09994
21171	5.09994
21181	5.09994
21191	5.09994
21201	5.09994
21211	5.09994
21221	5.09994
21231	5.09994
21241	5.09994
21251	5.09994
21261	5.09994
21271	5.09994
21281	5.09994
21291	5.09994
21301	5.09994
21311	5.09994
21321	5.09994
21331	5.09994
21341	5.09994
21351	5.09994
21361	5.09994
21371	5.09994
21381	5.09994
21391	5.09994
21401	5.09994
21411	5.09994
21421	5.09994
21431	5.09994
21441	5.09994
21451	5.09994
21461	5.09994
21471	5.09994
21481	5.09994
21491	5.09994
21501	5.09994
21511	5.09994
21521	5.09994
21531	5.09994
21541	5.09994
21551	5.09994
21561	5.09994
21571	5.09994
21581	5.09994
21591	5.09994
21601	5.09994
21611	5.09994
21621	5.09994
21631	5.09994
21641	5.09994
21651	5.09994
21661	5.09994
21671	5.09994
21681	5.09994
21691	5.09994
21701	5.09994
21711	5.09994
21721	5.09994
21731	5.09994
21741	5.09994
21751	5.09994
21761	5.09994
21771	5.09994
21781	5.09994
21791	5.09994
21801	5.09994
21811	5.09994
21821	5.09994
21831	5.09994
21841	5.09994
21851	5.09994
21861	5.09994
21871	5.09994
21881	5.09994
21891	5.09994
21901	5.09994
21911	5.09994
21921	5.09994
21931	5.09994
21941	5.09994
21951	5.09994
21961	5.09994
21971	5.09994
21981	5.09994
21991	5.09994
22001	5.09994
22011	5.09994
22021	5.09994
22031	5.09994
22041	5.09994
22051	5.09994
22061	5.09994
22071	5.09994
22081	5.09994
22091	5.09994
22101	5.09994
22111	5.09994
22121	5.09994
22131	5.09994
22141	5.09994
22151	5.09994
22161	5.09994
22171	5.09994
22181	5.09994
22191	5.09994
22201	5.09994
22211	5.09994
22221	5.09994
22231	5.09994
22241	5.09994
22251	5.09994
22261	5.09994
22271	5.09994
22281	5.09994
22291	5.09994
22301	5.09994
22311	5.09994
22321	5.09994
22331	5.09994
22341	5.09994
22351	5.09994
22361	5.09994
22371	5.09994
22381	5.09994
22391	5.09994
22401	5.09994
22411	5.09994
22421	5.09994
22431	5.09994
22441	5.09994
22451	5.09994
22461	5.09994
22471	5.09994
22481	5.09994
22491	5.09994
22501	5.09994
22511	5.09994
22521	5.09994
22531	5.09994
22541	5.09994
22551	5.09994
22561	5.09994
22571	5.09994
22581	5.09994
22591	5.09994
22601	5.09994
22611	5.09994
22621	5.09994
22631	5.09994
22641	5.09994
22651	5.09994
22661	5.09994
22671	5.09994
22681	5.09994
22691	5.09994
22701	5.09994
22711	5.09994
22721	5.09994
22731	5.09994
22741	5.09994
22751	5.09994
22761	5.09994
22771	5.09994
22781	5.09994
22791	5.09994
22801	5.09994
22811	5.09994
22821	5.09994
22831	5.09994
22841	5.09994
22851	5.09994
22861	5.09994
22871	5.09994
22881	5.09994
22891	5.09994
22901	5.09994
22911	5.09994
22921	5.09994
22931	5.09994
22941	5.09994
22951	5.09994
22961	5.09994
22971	5.09994
22981	5.09994
22991	5.09994
23001	5.09994
23011	5.09994
23021	5.09994
23031	5.09994
23041	5.09994
23051	5.09994
23061	5.09994
23071	5.09994
23081	5.09994
23091	5.09994
23101	5.09994
23111	5.09994
23121	5.09994
23131	5.09994
23141	5.09994
23151	5.09994
23161	5.09994
23171	5.09994
23181	5.09994
23191	5.09994
23201	5.09994
23211	5.09994
23221	5.09994
23231	5.09994
23241	5.09994
23251	5.09994
23261	5.09994
23271	5.09994
23281	5.09994
23291	5.09994
23301	5.09994
23311	5.09994
23321	5.09994
23331	5.09994
23341	5.09994
23351	5.09994
23361	5.09994
23371	5.09994
23381	5.09994
23391	5.09994
23401	5.09994
23411	5.09994
23421	5.09994
23431	5.09994
23441	5.09994
23451	5.09994
23461	5.09994
23471	5.09994
23481	5.09994
23491	5.09994
23501	5.09994
23511	5.09994
23521	5.09994
23531	5.09994
23541	5.09994
23551	5.09994
23561	5.09994
23571	5.09994
23581	5.09994
23591	5.09994
23601	5.09994
23611	5.09994
23621	5.09994
23631	5.09994
23641	5.09994
23651	5.09994
23661	5.09994
23671	5.09994
23681	5.09994
23691	5.09994
23701	5.09994
23711	5.09994
23721	5.09994
23731	5.09994
23741	5.09994
23751	5.09994
23761	5.09994
23771	5.09994
23781	5.09994
23791	5.09994
23801	5.09994
23811	5.09994
23821	5.09994
23831	5.09994
23841	5.09994
23851	5.09994
23861	5.09994
23871	5.09994
23881	5.09994
23891	5.09994
23901	5.09994
23911	5.09994
23921	5.09994
23931	5.09994
23941	5.09994
23951	5.09994
23961	5.09994
23971	5.09994
23981	5.09994
23991	5.09994
24001	5.09994
24011	5.09994
24021	5.09994
24031	5.09994
24041	5.09994
24051	5.09994
24061	5.09994
24071	5.09994
24081	5.09994
24091	5.09994
24101	5.09994
24111	5.09994
24121	5.09994
24131	5.09994
24141	5.09994
24151	5.09994
24161	5.09994
24171	5.09994
24181	5.09994
24191	5.09994
24201	5.09994
24211	5.09994
24221	5.09994
24231	5.09994
24241	5.09994
24251	5.09994
24261	5.09994
24271	5.09994
24281	5.09994
24291	5.09994
24301	5.09994
24311	5.09994
24321	5.09994
24331	5.09994
24341	5.09994
24351	5.09994
24361	5.09994
24371	5.09994
24381	5.09994
24391	5.09994
24401	5.09994
24411	5.09994
24421	5.09994
24431	5.09994
24441	5.09994
24451	5.09994
24461	5.09994
24471	5.09994
24481	5.09994
24491	5.09994
24501	5.09994
24511	5.09994
24521	5.09994
24531	5.09994
24541	5.09994
24551	5.09994
24561	5.09994
24571	5.09994
24581	5.09994
24591	5.09994
24601	5.09994
24611	5.09994
24621	5.09994
24631	5.09994
24641	5.09994
24651	5.09994
24661	5.09994
24671	5.09994
24681	5.09994
24691	5.09994
24701	5.09994
24711	5.09994
24721	5.09994
24731	5.09994
24741	5.09994
24751	5.09994
24761	5.09994
24771	5.09994
24781	5.09994
24791	5.09994
24801	5.09994
24811	5.09994
24821	5.09994
24831	5.09994
24841	5.09994
24851	5.09994
24861	5.09994
24871	5.09994
24881	5.09994
24891	5.09994
24901	5.09994
24911	5.09994
24921	5.09994
24931	5.09994
24941	5.09994
24951	5.09994
24961	5.09994
24971	5.09994
24981	5.09994
24991	5.09994
25001	5.09994
25011	5.09994
25021	5.09994
25031	5.09994
25041	5.09994
25051	5.09994
25061	5.09994
25071	5.09994
25081	5.09994
25091	5.09994
25101	5.09994
25111	5.09994
25121	5.09994
25131	5.09994
25141	5.09994
25151	5.09994
25161	5.09994
25171	5.09994
25181	5.09994
25191	5.09994
25201	5.09994
25211	5.09994
25221	5.09994
25231	5.09994
25241	5.09994
25251	5.09994
25261	5.09994
25271	5.09994
25281	5.09994
25291	5.09994
25301	5.09994
25311	5.09994
25321	5.09994
25331	5.09994
25341	5.09994
25351	5.09994
25361	5.09994
25371	5.09994
25381	5.09994
25391	5.09994
25401	5.09994
25411	5.09994
25421	5.09994
25431	5.09994
25441	5.09994
25451	5.09994
25461	5.09994
25471	5.09994
25481	5.09994
25491	5.09994
25501	5.09994
25511	5.09994
25521	5.09994
25531	5.09994
25541	5.09994
25551	5.09994
25561	5.09994
25571	5.09994
25581	5.09994
25591	5.09994
25601	5.09994
25611	5.09994
25621	5.09994
25631	5.09994
25641	5.09994
25651	5.09994
25661	5.09994
25671	5.09994
25681	5.09994
25691	5.09994
25701	5.09994
25711	5.09994
25721	5.09994
25731	5.09994
25741	5.09994
25751	5.09994
25761	5.09994
25771	5.09994
25781	5.09994
25791	5.09994
25801	3.7666
