15.038120542853733 16.5806474699585 1
45.01966705761983 19.098982999534826 14
13.672337977268423 36.82260365920572 11
2.222567447455476 17.452189942312913 4
31.024741265904275 37.30039815282789 1
43.84563886754342 26.28800631701771 4
41.71357995749856 37.7186471747834 2
10.612656396651882 29.047978822839344 9
5.035769979767718 9.03384019493625 5
27.732086270714777 11.567720578265323 20
45.692262895374235 20.006894023755684 2
26.102621305717623 24.401579741741585 3
43.58645984102464 6.503525895557321 15
3.3179265432985163 11.414307681381796 4
7.771505577118304 43.61847887657484 16
21.018202325824564 30.42805485882787 7
27.46999004369006 27.621203659159583 13
7.758577428958052 24.66106628685773 19
40.43977750049545 2.41131628931715 10
19.31598096452471 23.99060564719269 15
29.81959385508856 40.14735312046747 11
38.62470412253412 43.458571111025 8
42.11983943885509 14.94379038391846 18
25.07900865277334 17.000452401010165 10
11.996687152496765 25.561700178065383 9
14.599863733353935 19.02983461404839 11
49.19246801765231 41.518127623082485 4
15.164120606810839 9.754910730412082 8
20.430031397517528 26.69637134814473 11
10.64159401445291 39.6830098572461 8
13.728795395330257 46.91321602633197 13
43.158288697218225 29.264405351582322 16
22.000067934261892 4.837059223986384 6
31.937812686152593 40.40743839893132 9
13.247495147818283 19.51248250642299 7
1.240598635329332 8.141798074066436 2
20.797027060972194 16.656619271297874 14
40.216039017422254 18.99089255952373 9
46.22289257997913 33.059540000616664 19
29.522040864148245 45.3641314380652 2
7.5491245692248246 30.819888780345806 18
11.82942918098962 44.9802685005205 11
21.261056937181017 25.282180045498095 16
12.338320776022782 3.7339155634495635 5
31.012548205850877 12.32157466355842 1
44.749811558819026 1.3867625749838242 9
15.07928920101974 26.30479075772006 13
23.338049578509366 30.796796072415944 6
1.9239400204782764 32.69239547116182 1
26.081905290284325 17.715419117965343 11
1.3054787934607404 33.89621297890334 15
36.02121863854189 11.608104876767722 13
2.9553742829343865 42.983896825548904 16
8.28555443693717 10.808262463983137 4
43.01484731671284 25.78594501864754 17
10.880454491358504 38.48147865831695 18
46.16640560323235 16.085783495485888 8
36.87488272687467 2.9686541552265244 9
44.838644596421666 44.36114233227055 20
29.26964902718659 40.11458500679045 4
22.95142329363027 1.1458581231659548 12
12.507650045663565 45.20824297269315 2
35.654040994818196 8.819477204872223 6
21.51171928251437 35.64976264164554 7
15.035941677244535 47.51473424283814 19
2.5600604916584335 11.500296750576517 19
38.43794273542028 33.43085935525863 12
40.61182039147073 22.740557347168217 20
14.107970252267965 26.229751605916718 12
48.98227011066806 3.3359228235527896 15
26.83583092452523 41.178438713000396 4
49.36197219548425 8.222314468755904 14
10.845738850173248 12.556593389967425 12
31.326672566658786 12.695890854165093 1
25.9858555362732 44.56120168104994 3
47.07746232162815 21.02591047483634 4
28.78598117309506 35.536099754467664 15
39.51224724728306 37.358792908370376 15
41.80981838236443 7.330682270929118 6
20.420815746435313 28.068507074591786 2
17.21039094989597 13.920981542277788 5
4.184907665039733 31.73174804696294 15
27.30381970075798 15.678632227297207 20
9.425490185722019 33.29774245467904 2
41.666708596056864 22.224688804802913 17
20.41787063198102 27.691300786982758 2
35.96863344191705 46.36545378109287 18
10.300999978629106 2.757959259099146 12
34.755610946766005 14.224440002470839 5
1.8394586417510683 31.23030114936271 7
22.40890536247772 0.1606196322162412 14
21.81690616551004 34.56774091221508 1
34.63903187457943 33.79904370876088 12
20.95194244031648 43.71996177939098 9
38.4583109623113 25.02040838977246 19
7.759247244845296 4.563093307455867 7
33.223234877718895 48.60360525301125 13
13.923143345641249 49.45912405672628 17
35.76304046674644 11.82446091174878 19
28.3872988210984 39.07932620168185 8
10.2669150683931 8.034313048720021 6
22.558839332882403 2.1837145382098133 8
19.795187710729355 21.137466888929858 1
7.277536248654798 14.409795668008845 10
32.79079125989698 28.368267492963927 10
24.309613698058392 5.642859121122623 12
4.463931048607483 22.89025424560624 8
30.951017358057854 2.2148988376113787 4
17.90842065919253 23.05356407814805 7
15.513083446468151 37.02894974466952 1
3.4033555007260743 33.53010028702177 14
43.575722798936454 24.764863477795508 16
41.076210349042555 33.851998198284214 13
25.960739878109614 47.09470315314939 5
49.459423126417065 26.242924278528072 3
42.98053361952315 31.301705866282674 11
47.68107411736185 8.959500521450597 19
38.38476947114281 30.617229394700445 15
30.959077623816217 35.659071240306375 14
2.551066561652604 12.519729129632445 10
26.911326234943893 42.21684845838344 14
46.47507733816153 29.50335033309918 16
3.4394318132758284 14.559830248771766 15
34.2048494347299 18.333513638461028 16
30.966097887571475 32.599260400320276 7
37.62618002339115 49.057930491302365 15
17.586684019293937 32.292839938674256 16
44.425847143351696 3.21823554378276 19
10.459679956339214 6.772327416453128 17
14.302876836004463 4.054376176452129 1
43.632949724281694 29.21985713014737 18
47.51207286709311 40.32382762257738 16
13.891617276257866 0.2594135052170432 14
17.59798985041104 21.86090351928827 2
2.3184359999963267 21.161528963758673 3
2.3328788461356664 18.770939286724225 20
10.493939040993588 13.369974099289372 1
8.691367311082981 30.292775499510654 3
0.9477117104330635 47.51734888015706 15
38.1025575062869 48.972676753467056 7
11.956988513720162 10.94535064231102 18
32.90767186057202 3.0733364826503076 15
24.428134162687666 7.579116391387092 3
3.0858672688891864 32.949979080284756 2
44.85330434746132 31.85308323367172 13
38.39632413146805 13.206766465492409 1
24.71846649842348 39.9992331613398 4
27.782674562130733 4.001566905631271 11
31.445868507931834 42.37480597801702 7
42.34594499102435 33.92782532161278 20
39.23029311426069 28.056886611425895 10
26.181899848560207 7.895220140111975 12
3.36825404360766 14.263404687656978 14
25.427101274677593 26.493872386597907 4
18.593025936668774 19.912938073465252 6
40.7614171688389 20.4240236211094 18
1.5515448769469586 13.597291309805232 19
48.84634194245215 46.896972624721336 8
37.62056232129175 2.76444887268239 2
1.0892004644311115 39.72552673046643 11
5.6029325836698565 36.75349571383923 3
14.23650281722096 23.332256845242306 4
21.16651879021289 13.241725515995833 19
30.026267832521608 36.48749838803164 4
44.663384979590106 27.221661477527054 12
18.090594902933304 39.41940563443095 12
2.6987906778852766 20.43394196455457 12
13.990664060308328 44.87025141979928 5
24.469789242541466 11.025146098611167 3
21.20861647547271 26.69528561127689 3
8.088216623653826 31.866756684511788 8
42.00477844225669 4.439558940533988 17
38.08106175616341 18.946324683169497 12
10.761501067081674 29.624245153635314 7
48.14234691378626 25.26586022296585 15
48.38833583364264 44.70642886931078 12
48.73646716317319 30.39064828795394 11
35.930843637007015 34.855387669219276 20
30.94091299924637 43.60141634737808 1
40.67340228587453 21.200759244028667 4
15.780236344427962 21.106637036037835 8
6.636230219479705 44.41768801709693 13
47.68103897117308 35.359832107768284 10
35.525368831906455 34.71538337671382 7
39.60153617247146 3.4182555228235376 13
41.92761302273595 9.160427448654895 2
16.85190007394839 42.63284502777513 13
32.528805011153715 45.300464647911426 4
39.31993864666191 27.42849611426189 2
18.243351635645162 8.20694057556568 15
20.76226858035056 15.002452930194282 10
48.370817796235265 21.378538660272174 6
49.54318719044426 33.88086264503762 15
6.978540647486903 27.02471687728002 12
15.858958334452582 1.5013750385231062 5
34.809444977854135 16.273317733782882 7
6.114573297054776 45.86692574974972 12
30.758930760755852 4.691405109446045 15
43.642394854007904 48.76039495712787 20
11.52338274438019 22.74804058521591 3
11.865332005934388 10.238548445351958 20
9.894214330646511 18.57341788981568 10
34.73956595353266 42.51336815890242 1
16.95281625437196 2.968727553097106 6
20.53651067550798 36.66284779705468 14
46.01914754121393 44.771495719690165 5
33.00156163263096 23.788912965403824 18
33.53582756402213 15.708092605116681 12
1.1585947432912858 23.275117757225576 1
47.549494075586615 26.32040383602872 4
46.046893812257935 4.974932003683108 5
42.498697890577134 28.75028422743094 10
28.62787037576701 0.2793207278759424 18
1.5792610396183127 10.851505372031166 6
29.7557626580648 23.102555417938714 6
22.631100636374924 0.5521858130836999 2
46.51034567842527 23.53292699188021 16
19.421012426917123 41.925117244615265 15
16.90081194604301 30.48792166411464 4
38.011253688545224 28.77020786400112 2
22.37657065885379 44.01002395140934 9
21.22198016396798 38.15676226997663 2
1.564858381785894 46.48050402944301 11
19.112960057670286 11.770828666592964 19
1.154115250310378 31.378243471898408 7
48.725562008803074 38.93688035561708 7
34.596080391175846 39.27160288924651 18
26.854445301331975 9.08522398655519 20
45.7785517371731 49.830753989727945 9
19.177673092867842 3.1409578831964935 12
41.04828737553885 7.46388911168005 14
40.41514640122746 24.49179622708813 4
13.209262647544302 17.869565929976332 12
44.90551905426868 38.41759540107909 12
40.89601076034494 37.95572385619749 9
0.3536765308549905 46.28708305119776 12
10.741364617820787 15.836979826050129 13
43.04559525929936 20.924930722782857 19
21.25568426575181 12.417437484493332 14
15.911852611599308 0.8424249317656063 10
3.730645855537901 15.088862155268812 3
10.25144203003448 11.771120718145012 14
31.879272805665977 14.654563329983656 6
12.019920218373686 26.037845944654403 1
37.5972129894015 24.294635892352634 20
3.319097311441305 15.382102818629 15
36.232476036132596 9.876037580841118 18
49.48773016794272 31.4171276419847 11
15.248979678702135 9.248411943703205 11
20.171554001741775 35.410287713947554 12
22.546655864194808 42.55572796413064 6
29.732470383458242 10.465322905801683 14
32.61635376547175 40.633601113154974 16
3.0840278948628344 44.63670544015033 16
17.149014631606313 2.44874556487088 16
18.2444951090368 31.617576419854178 3
49.904966389200794 41.57862579391916 18
14.163913819799651 43.951330071554764 20
21.818560676389165 17.066373260850792 15
49.51831479054114 17.327645301362942 15
48.676959293385735 20.620155538021507 2
19.91447714778742 17.571044205724174 1
17.71685137389476 44.97335963807162 19
23.517191389543164 25.19535668666967 14
11.022451774959997 35.886739961411195 10
25.743316039402984 26.821649519619257 20
26.91402616929973 10.87276551318404 4
25.273902865087898 5.8997621943203455 2
13.117899119383347 16.988129187762784 15
34.27220423865378 38.63644232950173 17
29.417562491502803 29.889808465346334 20
30.488072487154795 12.514819756960055 9
30.673561891364347 26.617770610641433 8
14.68641689499658 12.328118058079596 7
47.07723427217287 36.96952545744688 8
49.66871096438589 13.537852025662767 12
9.420282736917041 28.572621836064016 11
7.452835911078753 39.41533430831041 7
38.08209344951304 41.443087016697646 20
10.43005877540082 19.062629292428824 6
24.30607329663322 15.071262648395983 3
45.35824311667671 4.773939686724327 10
10.921942826001574 2.7266306241047698 3
47.37524593255322 14.51196831159502 16
18.837027726840933 11.126026390732152 18
18.58143341954922 46.23447530297165 4
45.30505784845401 16.224513570768224 13
18.458162664721677 26.754356913039206 5
31.053144661740706 30.49431028025514 19
44.010942945127454 26.340668033968296 9
26.694412212583618 34.08125346030926 3
7.669058476940127 12.873630987378915 8
32.74011817035225 46.236232800755786 13
27.956215422055198 47.53730515660914 4
34.95184769528051 39.53992184368186 19
36.32844741270684 1.2497007005802807 7
27.152246163794647 20.533926047637614 14
33.25627983555849 29.458190706542766 18
12.20374558320102 48.86169548344575 11
20.75237204577552 15.324498209573317 7
24.666378074103633 8.629755538303446 19
29.348284485510273 26.049288563793183 16
39.43034670427617 18.211196771988796 1
17.026973425831372 17.368861831475748 5
26.61060105034877 2.558162086722171 15
9.045491664195982 41.330715452809024 10
31.835255961921625 7.612197905804713 19
3.5196165278622793 12.046606439769524 17
34.30578139053352 8.08440985538449 2
6.051461326909719 25.851464402805203 11
21.37703536066758 11.328823463230231 4
41.81213766746518 39.54325830287367 16
35.94363182199847 30.190051562479702 17
44.41915493052818 48.3771523732896 20
35.61998292545637 23.38436766085686 10
1.5139551241538152 26.924263491949645 4
32.94364430710498 33.59302577958757 18
35.955606884877824 43.34757845892349 4
30.690600271901825 18.574221075172577 19
38.17244961171097 39.551838603103775 6
17.004968159879073 23.877060496822754 13
41.441030926158604 31.343579644841 18
41.00035913794151 18.63089200969215 11
28.366093665741754 22.31718421139765 15
20.819101693494652 37.03360474927684 19
15.816589977783579 21.42997215613362 7
7.983358010731278 2.544067716941456 7
2.132355978881856 42.37797781873078 6
5.220821933227371 25.967406560419526 4
34.324122638036805 42.391140545961115 7
26.417140626994755 1.0741759692247055 13
8.028845905916931 21.045359917786712 11
25.664708301368382 11.26745405628456 15
2.982630994627228 5.4893509295349645 17
5.262937435547399 48.48512655567892 3
30.937404587594113 0.4720560993194567 6
12.721356726082329 22.892268218328038 17
45.63878028742048 7.308235879682668 10
41.92104807884125 28.22856627843537 8
16.104912116414884 38.11567989392523 16
8.308520290752591 46.45692703062401 7
11.92935523643598 37.249414853959884 13
23.720829702601414 3.0226907093714006 6
30.45701637532804 0.9592813557187496 4
41.14095942958795 21.418942523710626 5
10.566202145895364 45.51826987623624 3
33.284468648321024 0.9847907635189945 15
18.931017233855474 33.288435814255976 7
13.720076415444893 33.62560759290441 12
24.583589072259603 16.566672032389363 1
32.874181878619595 42.41074998494554 19
30.078091275150566 21.983482016433342 15
25.185369330448914 12.598949389813418 2
46.598402495823606 41.634195294847004 11
39.470377460678485 25.32083588711262 2
47.35093839130649 18.33872671900616 7
12.18093743036841 49.417610536814514 11
0.8817634078380321 35.556015038971225 2
4.424403316922576 40.05566513324785 20
36.110813582762624 26.761514466835802 9
31.405218392455602 40.19918858514014 15
22.582394800526785 10.945598734872009 19
4.684645597440023 25.085811521292523 6
34.61482194227358 40.34580787317335 19
9.209961098722946 35.23345971833137 14
45.264328011745405 48.478559481664135 5
47.06259709170369 34.28680831316495 7
15.486649518002732 39.112281817300854 4
40.78877797285223 27.20602414792458 16
44.17425499093237 13.155539224514806 5
4.184827995064872 37.95803643796127 20
25.25372179165945 11.106311206305408 15
9.870584866776477 43.652525106600656 20
24.781754278672192 43.23448142502029 14
27.22781716943109 0.06829291949279614 19
30.47827188962171 45.65995506654914 5
34.83146443598594 46.17093703467348 17
27.2269063437474 43.34288340683729 7
46.32598547585743 11.316373429444527 16
40.65420502373315 46.40974516044237 14
48.692178578937764 34.096693933292364 15
2.101091496902513 16.0604611789201 11
42.01342320559808 1.424383493219289 16
38.134283972213616 27.842659795916724 20
38.440077156737516 47.22860262582413 10
28.66030578956981 8.918765643707632 1
23.77183665161851 34.93793111756844 7
22.31000672657954 29.494095334651405 10
0.3582029430094502 30.64905157349945 9
33.27194604697753 0.764671934370631 1
45.04482800821677 44.2044600534146 2
7.467800783270012 2.73518897586737 9
15.551461178698812 3.697293968322257 3
41.07948581878116 49.071763911824156 19
30.486170587884864 39.3461375833086 11
16.682739408469843 41.50078177055083 20
23.17446992690375 26.59759254329408 20
36.673204782404945 36.41485901075945 13
14.489041214933856 30.590246999984426 8
17.79708651840759 41.440869242448485 6
20.98194554084744 19.751019795506785 1
13.402185546932749 48.08028331784391 20
27.195258890672314 42.238605878837255 5
29.8059418741977 0.599295542421191 13
40.93599654591749 12.885631340690146 1
1.9955231295289255 8.887099754031357 15
46.40183098436189 7.452350420376025 8
41.93178587149257 36.439688434772044 11
14.849221950196206 19.56605557418486 3
25.642908169536767 11.004578794542901 9
1.677757071284458 18.29137376565153 10
48.92026256569342 39.73981200356656 9
11.669756360668321 15.352903057749028 17
40.65027869812472 14.615450528987017 13
24.260589522132076 34.994885726641726 14
9.85643527517015 32.47132568646805 7
13.7093763280636 18.57542978626408 17
22.124573084002623 22.04801652659964 20
46.142012170590604 20.50641708463697 18
22.22882913399579 17.10310842641593 7
30.699436917024364 15.493742349079136 19
37.690640652681246 41.6186216902307 1
1.5778392306577183 3.565069541087901 8
46.69068886114725 21.135497335241354 11
25.12266974709344 4.552893147867964 10
36.02801840584565 23.341304764599947 2
15.47637341254508 32.78073688965828 16
18.54969435216411 23.700516718334264 18
11.325443528585467 31.799314934559668 15
28.332183972154866 48.0452430434475 19
11.335860817884669 1.7305293245361841 4
19.30407447252534 48.294180041648374 12
7.128222879587148 19.1892793241733 5
20.7376327954659 11.551874145126256 12
23.063234176411886 32.888068427873186 4
49.8295600279892 47.67923255612283 9
29.876506376975005 36.60059672085595 10
1.8068414034312974 9.770266534342358 10
13.0687084934968 4.054632208776182 4
47.618396033210416 24.352814163076587 11
43.553489141242544 15.291791224218176 4
0.1688812685830543 11.04424870126568 18
44.09160012969071 8.956286077581243 11
11.563075449309501 9.69933415338859 17
37.963209263587665 2.7348189331819093 13
12.83105138293617 19.368811797121698 3
31.31793218018066 0.020649630306179834 19
47.55950898735743 6.6228524698976 18
0.03974420552770308 36.15989503544346 19
40.65067083560987 47.02059004014034 6
8.02515766922286 24.319039635260577 2
49.52100055524167 24.84287753543022 10
43.08451099493623 43.91869948753986 12
5.990683958095438 10.506327388873748 8
7.674028409628808 13.984092144623656 16
15.303083675689349 14.751409065966941 11
10.316726988189062 23.091580896909882 6
25.602056914034183 38.139180254360376 13
13.856675845134948 10.89625483312121 10
23.117887481491444 6.619963682996765 14
18.839468601691166 20.44577700213377 7
44.661673015017286 2.5458999930049018 19
26.104224750535266 2.510686091365172 16
28.82962668873307 2.3517632531126207 20
29.86932916061579 8.708162616110442 1
29.84786266536284 44.637659257633175 3
40.90702385896361 13.63828827901873 1
35.42309228302488 42.36604511426334 4
18.95821146923432 36.85890224975223 7
34.67958864613696 42.14296742654624 8
8.21034605393618 30.1303474021754 13
15.70353464182791 22.595132341570647 5
40.633088189847754 4.87654795322578 10
22.63114736228939 42.22128432838736 5
39.34525262702204 49.2385363335616 8
32.65344891707699 17.047692004166702 14
46.56672722570274 16.76902389843432 3
43.78707832220148 24.636946623972634 4
7.361311516299828 33.22814973293897 9
44.09240377213371 40.14037844244523 8
8.093369509713321 17.05776664738261 17
11.085783266526422 47.688082514444005 8
29.5003481378461 48.93348658275574 17
33.39838839877856 27.218625504037536 12
8.705876542132424 23.43906778677759 7
41.072495820902475 27.316242227070912 10
46.974533508376034 6.046196265517456 15
39.56412651192963 31.05561802394726 9
15.803821789465022 4.879186215135473 5
32.183805791580674 11.326011454682765 18
8.99435470206955 22.985178673852296 17
37.34351973262181 6.473949561263076 8
9.338261632991074 30.01406342968717 11
17.476803726133788 24.054165672385807 11
28.247385224673156 16.15293960474333 10
31.7745880801146 44.380572838287065 16
45.914279154689766 31.996895491393857 19
17.526951352283625 21.563080733332242 4
34.31197107431031 7.6668748754053215 19
18.346441091137187 44.42026661412321 1
3.957380190378823 5.158430955683113 10
21.30353986623399 14.547972319342895 11
23.8609962386527 38.18582594137401 8
13.658106960069189 49.77265297474441 11
20.686434130569907 43.104567500386864 2
4.112315951979157 49.214521810070146 11
42.99446328347727 41.60126787967077 2
44.03713863935527 15.110492181495028 9
44.16405439792253 30.040637720238315 8
32.74885062723932 39.970487848770404 18
10.738475554971938 10.349810547615446 20
22.38291311315442 18.84968609248266 5
4.0380825340677164 37.26058041148696 13
42.20326368806547 33.952656883465 10
31.804858476941085 21.721847851213177 7
31.457488557520346 0.870088411422032 14
7.244770718629062 3.674272431328246 5
11.561271372754572 6.436217011296764 10
29.249337705326813 22.260919571840894 15
26.961138899266825 32.51503240383545 13
4.282080236562358 42.472449543820865 8
41.01113713155055 45.0118301277545 14
27.35527827353718 16.360167993810904 8
2.2023863441568095 44.622852288537125 9
30.601884946754865 34.5887389572291 8
49.7451373299987 32.091442052988164 20
20.74627684924138 29.77111707383684 17
47.87839087177164 38.000834053420846 5
33.335337061553204 37.01505185715316 4
48.92712480797861 0.2025415146300391 19
5.759538695365518 3.1792196069212855 2
9.600783231755173 7.693531445139107 11
20.348746153609543 45.60085363996715 3
18.459455515940554 4.40486644015291 13
6.129073914461319 16.296363641350574 3
49.75392633997559 14.70085654323282 2
40.09753386820122 8.487925346049446 12
47.64613112535242 14.226986159224936 15
32.83211977258153 37.71653331427432 8
4.674983070294314 20.75874103569729 16
29.49353418067318 25.813803245789522 18
34.72716045564537 45.44247507242169 1
35.73531765159232 47.33572487958392 4
0.8719248626146425 7.686394530135765 11
28.53564323893249 4.282079452388221 17
12.777125389774435 6.420979745633487 11
21.27726045199164 36.88600766308032 13
34.74013619282027 36.63869250000974 18
46.35601628122409 14.97878932041779 20
15.877446344050078 35.23605104801285 2
43.34213063758524 24.676320597412765 5
6.113970153246356 1.628568101718031 9
11.351107478019701 31.401023834540037 8
46.47633012838321 9.529537522884507 10
21.658824493989894 40.18528530133238 15
44.725049555623045 23.911923028355798 19
44.612077034412515 10.687176586617886 1
35.28589353560623 18.307039417806344 6
15.375455016977519 10.867863160911446 18
21.75661880060446 20.434992961894594 11
10.656074482617017 14.66119553426098 5
2.957029763946423 46.64211349573403 5
32.700571815203894 26.544742699688513 4
36.168773489779504 5.953897963041338 13
43.03898921173904 48.146740575936086 10
1.520515397604838 5.121707987284979 20
36.34513564730497 25.45888891908252 1
40.31961382675069 8.242365348351449 19
21.880012849066205 43.558695275620735 20
30.138178109716225 47.978755154152644 17
29.92609120657398 45.15566241570158 4
8.344845518230255 27.538485879053553 16
7.792809609356271 30.105635908930306 10
10.862826972720018 12.989083773618255 15
24.26726665432638 40.30877870455821 8
13.488386900757664 33.92713986522165 18
21.8320153281838 22.808072083635405 15
10.959619877820353 27.163044519530015 4
20.907281112695923 10.029683680112516 12
40.685130518312505 32.56656104785243 19
12.118660241507268 32.95535104726131 1
25.024141251716042 3.419158987933768 14
17.847062722183875 35.931643174958126 11
21.783322881527408 2.288465897349634 16
21.639284816649816 15.308135849690446 13
48.36999982903274 48.14928370653991 13
28.97279976096543 31.414948077897385 1
3.4409434247567594 2.1092267027142286 20
18.206240061609343 23.37319844813185 14
48.8462805010082 10.13602778356354 2
17.853256601355223 33.932388388911896 13
48.999881989400826 32.85381513018773 19
30.01279547906266 28.512634803854475 20
29.436134960591787 31.804540073060384 10
8.5685221985005 32.87790214741672 19
37.36599517580803 20.23553932364664 5
32.722585862556805 4.036719311292858 10
21.756792181585972 37.51389139681965 20
0.13683605856170677 10.233035133570823 10
39.59772408122071 0.6636555320798931 20
33.771468145798224 15.374907887511908 14
37.08581505398042 18.11165985919425 13
46.36059826829999 36.17659345578795 13
42.121714059350964 15.62840005082724 1
2.932294496204296 31.147963741278605 14
5.514336531840564 16.80576712924943 8
17.008360227236434 48.43308616752206 12
18.472918922786686 15.62585098277896 3
12.728709855130422 49.92583014139613 9
31.855876848727817 44.11486951703918 14
29.238148181191203 11.036729666958717 4
11.493857913074606 47.99740808796088 15
31.300364766423893 6.469111441599573 10
46.54105720610645 47.33170057686251 2
0.470165624838631 18.0893087139112 4
47.45907325101962 22.563612698490044 2
13.674582970721099 47.03670758277547 7
11.395329361211399 4.5825712779140435 9
24.529555986901908 15.255493454869862 12
47.027615301209494 27.161202276294926 3
38.72580383621304 6.297034547978497 9
4.294107423986343 27.166109007579625 10
42.868158788161196 49.68878439779604 6
35.20447422914261 23.64944607569933 8
18.694949252017988 45.9076569493489 11
8.738495133547502 10.861223227669047 10
38.97311217584058 20.016711704002336 15
36.525203695645565 33.53850546081528 18
12.170785727077005 22.879018705115726 19
18.008310257077937 13.290639980124253 5
39.48597163245048 34.767006320945434 12
22.21486839866258 33.064472956780996 19
15.554008894301713 31.39054771167772 11
8.945541328584195 47.943645721246526 19
14.836286441795664 1.3074425757963748 15
44.433133250836796 6.0163415570501755 14
33.54470904945891 42.29739183233989 16
38.365242288373565 1.7637552562983438 14
11.260289801508556 6.394763138798304 16
22.31911796559324 32.41633805205637 12
34.909839163827414 20.706589454277335 18
15.481246075179273 23.6555123519492 11
28.38411216685967 15.455648333959775 4
5.319984243407616 3.7970091789160945 8
34.384218761533894 22.061612482486016 19
23.26743969253895 32.14294538745685 18
8.913221263036808 38.28288681639371 14
42.18444919625555 34.1517404954742 6
46.55449900341348 16.77685311338176 8
24.0425293862995 8.470092749905723 12
7.967315411422388 4.844592866065628 5
16.604158944167352 1.8683950864028354 4
14.948302251068068 40.5278564521676 6
29.26491114018695 46.604103190519545 7
19.637376618457964 35.636518730586516 1
13.475155321021386 38.8532236101241 13
28.478260752605028 14.850445601987783 18
27.610467516606203 14.429936668045883 3
22.450676447513203 11.269964385539744 16
1.0363136375263649 40.37232995705284 4
1.1110131946576618 21.1848736341417 10
49.23663662344593 5.148315361349676 4
42.4979721412789 23.431149431453147 10
36.75583941495067 21.4244318211034 12
12.971737019230495 21.092894143673668 17
15.580622694410973 40.192405314176234 14
11.910660081939106 31.43039501431142 15
14.335995589980621 4.8721483213638175 6
6.45986469507675 47.128101356787916 10
13.850055301965163 15.83996344786312 1
9.843223540284235 3.272531396437872 11
26.496367527520565 2.2488799938811477 20
32.581569062990205 21.37228470170288 4
8.52186763919422 34.22727983643264 7
11.5857379876097 15.691595133739428 6
41.378187029583884 45.83093041643583 1
9.772067843056897 4.7363801765472555 2
44.2289057847825 24.757847596536674 10
9.826150724453708 17.810799448150348 14
7.9919840638586095 38.64484512826323 17
46.33201461075965 27.776073508573152 6
22.699437433726494 10.071313740327364 2
26.503889919942182 30.89434639316065 14
28.438232359523973 24.64106863081923 5
20.350231829923075 41.60467384164902 17
25.391911324872563 42.44527030821082 3
8.617408042514679 41.057735618545586 6
15.805879586443822 31.07020935426187 20
20.57325053795807 41.320879318006234 12
32.03161754325038 21.12248788144479 14
14.515585529317859 20.254610258106787 19
20.846125670024602 35.20186764666581 8
36.195754058863805 4.289573807370339 19
23.801751258391864 1.787903280811537 11
38.86423549829572 45.45012637928995 11
49.16663411397739 31.69383880362071 19
38.04756436360778 14.130518869367437 19
43.40470056057765 26.508050811030287 2
41.365255067992926 35.07642049177894 6
44.4278308276772 37.197095246446665 3
4.73690030789809 28.56304168328751 2
15.171622275082331 12.806652145257512 17
30.412897446678006 1.6329374234730631 5
33.321918634265074 4.210437247501431 5
35.32770900927949 29.632424840627973 20
45.4103048359795 17.56323206295714 7
39.36198314827443 11.449780863934468 19
46.83142941104531 43.572307306019034 17
11.153925902547634 47.51745891151365 15
43.76485018356819 22.889473141472262 12
12.498994223492288 5.658343175642694 16
44.29815169576074 33.29223234629854 2
45.01941889631075 10.865358796640157 15
29.380342038711373 39.18052716217758 13
1.9539380670229811 39.2939008784367 17
12.366150891351847 28.957669573236593 1
38.857015271315014 4.460516394920394 4
11.023392790219443 35.21540387434342 6
19.418709863600142 10.332218211745447 14
46.97983309591678 35.619746432412036 5
35.652200964301265 23.534295936650818 14
14.955668282888862 7.877201861052685 9
14.848253392025468 44.007112978772824 12
11.928232362656694 43.23847340175638 7
20.655402040917448 31.35127682856015 5
20.24559414947645 14.091223013333826 7
8.429152458778887 2.0837703041738322 11
44.909556831236245 30.23565965659623 2
14.51389386788634 41.2281623062629 5
32.311842569214356 2.267564723533239 6
28.07712176487306 10.450845349389388 15
46.639636316791346 11.398208710911135 5
38.262081586199656 41.179155437177975 16
26.22778885644695 49.84915733810429 5
35.71918607530889 29.91780379414704 13
6.637108349059417 41.6384655355584 7
33.83031359660842 19.11665916852703 16
0.1894026168902052 20.16269509748117 18
6.205240734151235 23.159811292073606 11
24.182328155037236 2.7142720240621254 5
43.71352445427858 6.79140500175372 20
48.08061396804594 22.81510395078858 2
4.185488148665906 29.407054807600307 1
4.131334998878184 20.692708631212653 9
10.365905283165123 16.87174336402707 11
40.02907964516871 27.756353986307136 18
9.613466721295572 19.573954427836647 3
24.228262709337024 41.72726236924264 15
9.86018665199665 9.852495501447066 10
30.44563588358795 8.34264497889674 16
37.80058830905506 19.650611426926258 6
1.4280270496876357 3.0989721707234965 4
24.75193202397537 4.760427054809102 7
19.621330246809144 13.715653142041395 20
31.661450676907844 29.24846998523114 16
26.134671473689664 37.11717717495987 11
32.253832778957715 32.96165313480504 11
38.54476781912629 0.9808779769388765 2
33.00668219611692 1.6845585418046816 12
0.2722864866783692 28.29665442962625 6
12.211849826446292 36.90919053642262 6
25.417047671829152 29.803570216536762 6
40.841098977326716 34.37150435094379 15
6.873853212689379 13.514822653893871 6
35.010251821477716 33.030770056709166 5
4.169442977589916 22.464257653951687 12
32.50112831923038 7.19481490385101 12
35.11597560594845 2.170999689172881 1
12.877216881722653 9.374537659825076 19
1.8472211206238653 12.992991126122872 12
44.48760732299686 5.2888939631122405 13
13.519798712067498 20.080438755822193 13
17.61111164039988 15.86568735284456 17
45.46469275056421 33.10370136182516 16
42.40679581445445 43.574486373632304 2
2.202679693193171 43.273056628099596 12
48.393756104051874 7.819431134838817 19
23.7012110213199 47.760230416001285 13
12.296470941900834 47.054016183115706 1
39.28933149207246 45.94815700045875 18
13.66448148090107 45.80575594612786 13
44.16642709600145 15.209582676374806 9
0.940281050729258 46.30505515643836 12
5.456501083048715 18.34615680729029 11
41.17195066761496 35.3488325492246 11
35.19308340946393 30.048393913701528 17
11.878565793277025 0.9064706089959851 6
15.745885562422313 26.04309124762077 7
31.114495271598603 17.196130098631308 13
17.22991125916062 27.062443784907114 11
16.525806361476985 21.783714519652037 10
40.93543337041419 32.35928175442346 4
48.491001978046015 42.246644230726815 11
41.82579459973098 45.57278374806488 5
44.639192126605984 26.944269794149374 18
42.253671990066934 12.801686381084886 6
5.915726821302503 16.26538505757853 1
17.04072002609299 47.08214774750027 5
17.984853491554876 5.106581225163004 8
19.365639114426376 11.543196538271271 2
0.2886964386794033 41.27888506107678 18
28.33025078572034 34.01612053385172 11
45.98012157933555 47.02123869493827 20
0.08930077924028668 28.876109565752046 8
23.031669738464494 33.54328532720537 16
14.595729811773628 6.337302321830974 1
10.884578610840624 21.134513526976523 3
40.11758345842355 33.849380281130735 3
16.889378724801666 35.25900547672845 14
5.7530019852155165 10.617393293404003 6
39.15897316976048 47.24735513348436 18
18.415659986549453 3.914827676642868 8
32.86965785137535 39.11486115817886 9
38.81441240833889 35.72073623371879 17
9.639801559865175 39.79409367923401 3
10.555175282518992 40.72861928608668 20
35.10646588919034 34.83086036426809 16
11.897243585713701 29.518786201558893 1
29.384631233522708 15.29231505986618 6
45.16056895653198 0.8936891459565777 15
39.03165413039867 35.30565225163685 17
49.90015378050604 30.474642224744564 8
20.104317643868196 6.96729294790307 12
38.02125073684503 25.403281490543865 6
24.778001410723938 10.401671193117368 12
23.59532220266416 29.777493855796994 9
8.782013035799357 47.940328346029055 16
13.205572212756078 2.0255238083404628 20
32.746411758325394 1.6058693803988167 12
41.29226973647829 46.0800955008611 14
41.18567293039611 28.577123538916787 16
39.00371757281173 10.077524880179928 2
18.4981023480299 44.44173025333002 12
26.369302569615797 16.96181514372892 5
16.44286332649831 6.065039608235162 12
4.565837707516835 45.43738452756833 13
48.837025874864125 42.97482867304211 19
7.076859414529108 19.483778068963225 10
46.562373247775064 12.662420555072096 6
28.204311079007464 5.546613482344637 16
4.634644208240463 43.20437134110548 9
39.34680426231486 8.41533371362076 7
27.677716136712995 27.398618852614543 6
24.232170992075417 6.534787071212101 16
27.90288691752497 46.4175285249071 20
33.84400103328644 38.15295993453282 2
10.510016293974921 3.273178899600826 11
18.94307602112641 19.853760534117843 17
20.163095010758063 29.55332470493806 11
7.183826029217544 13.110795109731937 6
29.137104440032026 48.825626391869555 15
38.77192654284674 4.993945953925244 12
41.15325980400713 41.27685721582877 20
11.204000017785004 31.965105835235146 13
16.01897483199482 29.006388604978472 20
22.22744916629864 5.425039081973482 13
14.623301599954052 22.09588980775553 11
19.304157590834908 5.315392409931602 5
24.87460504627399 22.087067058856896 7
37.061612744910164 35.22323187901258 12
6.409092912457654 41.5039340313589 17
9.117660889384533 32.36911466602971 15
11.108351954617746 27.83587925439693 16
31.7122950766702 8.993460216036736 2
49.150416486518225 26.466640929363887 10
25.019269844303416 39.70943354863293 16
13.824958513170577 1.9767082817976012 9
23.90117833105411 40.99102748423368 16
37.78523895212616 28.98699400207743 11
32.754949363687075 23.797512957122986 18
13.778577604088376 1.9050474745620771 3
4.382623444584382 9.402047550637132 9
32.07007454372107 32.2498918757489 18
42.31491542416923 27.165091933742353 8
12.164626834311177 4.413559668845984 12
0.6573804394061522 15.412697345827835 16
3.0054085496634855 33.504553472400325 12
40.33697052354485 29.795250662714263 4
15.29809837996497 19.152749696466337 14
33.12332662049589 24.370027508309335 11
36.038684044073946 28.38892077643667 6
12.485738801675438 17.190366571884073 11
30.939903104708844 8.589059329011311 14
37.12224043244735 16.676419896418732 11
42.27524651023711 27.1404198614211 14
7.1478524965076335 43.772055238334865 10
19.156982822511853 1.2559689383162487 17
38.28821794658695 11.060573274567131 1
33.015752943186946 0.4457059541228381 10
30.81105232711871 0.0307693534957465 2
49.37605805694281 48.681926071855784 17
16.571872071156523 43.677740302194046 3
25.771277685466988 43.84055096047503 19
41.74501720079939 1.0836012572208675 5
2.9657117264501487 3.4486103630651463 18
16.69803257146809 3.8157860910181416 19
36.630837719349344 47.80279738633455 12
39.268230507437025 29.03437387426586 8
29.696620257978267 21.87420112850496 11
21.38961283353401 19.874684395994276 13
23.141448451588353 5.838269564010806 1
22.09320897629526 33.94144852224269 12
3.7057863512415743 46.96076636563124 17
19.74484730737795 18.939248510133023 18
31.220063194851953 8.979698051119994 13
17.258058843393943 1.6685478603530368 20
7.932142672710841 8.953142460601649 15
14.537518830601053 30.790856660533812 11
38.866649306726856 32.63404931917873 12
47.29930764933262 24.70429801815095 15
39.32545014905319 13.393247265070702 7
0.35363486894247065 12.343720946409215 17
49.669092936627045 10.293157764861371 13
42.40905840245024 8.513500925069422 14
39.35895331433222 30.747864018500064 12
30.826636201952105 8.900699607607615 14
14.795691592714078 40.75819759097753 9
17.229737579120624 30.360564333392098 13
30.041641965897885 35.06425946312752 19
20.958246558687353 38.8288795216152 4
18.88133732058575 10.258630304030241 7
24.526242411957305 44.78424516944131 11
25.38777710054611 27.838064263873818 8
48.757254515229896 37.68675242116403 16
47.90955157936303 38.0920332333422 5
7.492174481384678 13.567950119425792 11
6.436334095330337 49.931230328615 2
48.81299643578601 34.14949758921972 17
18.769300418340507 18.770098486757274 2
12.843800137898176 18.437516924043624 10
42.53411568338591 46.0650308475789 14
26.111926907518956 47.87710734443742 16
37.203940117475085 12.42484115741725 14
14.68007996998847 41.60366522058994 19
29.595940739832105 49.45262275122672 11
36.346143987052315 30.237272310651093 5
17.249219979298697 28.818717770597097 5
25.889132499759427 10.242116565686544 3
22.87308727948103 12.567847638057266 6
17.97120233594371 25.63511382927135 16
46.38170323471197 2.031282330185291 18
46.24456152306487 9.18936802601133 14
31.672876775640706 13.411730158807794 19
17.52602085507668 33.04192037860189 11
43.01564221412015 4.941240937611563 7
4.495910757744992 19.120657832123676 13
35.6359342404055 14.378829764522088 5
42.543532162062306 4.956708232375667 18
10.472855228721373 41.708124126990555 17
20.60608894427658 32.369848028578105 14
37.691471216623015 0.9709083567319532 9
42.22223724620896 0.11459792110254385 10
13.812351889238167 44.124433162231085 2
20.944152311284874 47.27175044903878 2
30.984605492036017 9.860997873390815 1
7.246606456529031 10.065869922618297 17
32.128153888681815 45.29245995253643 11
5.405768417068718 32.114731610541845 11
4.188745329655102 8.970124341345741 18
39.828301308831584 35.23302208104725 17
30.540953056053645 4.683672425162571 19
25.664748710267276 25.452197610022935 11
44.87942243785874 25.743550576954615 15
5.468716683291042 0.008203332034589783 14
43.68673044470109 17.23173364834337 10
27.254472203603054 2.8819821350171972 2
18.58394525296287 48.80946319506624 8
17.94421692162877 41.59536918696698 2
37.61659425932404 27.405989892897892 8
28.621979886222775 15.845106575440425 3
2.7354367445594385 44.16314472780851 11
24.992755945901195 31.40820514009159 13
24.880164989233418 17.95184933801944 2
38.59143448321375 22.417862748028238 18
17.06699957569611 20.66085276832733 2
22.206719935358592 44.60750721662464 20
8.625706418043277 23.330215291930667 15
11.97005970596885 29.04530749557116 1
33.80865066424714 10.995564897734605 18
3.8051282041966283 44.04977108100021 3
30.370516023835588 20.835751289193094 15
12.019897581757865 39.05846576182391 10
49.48866054939582 33.56686406347235 4
0.23122559979296686 39.68645022672448 2
0.7877021624087488 7.7854084569602025 2
39.42866500794372 23.93679437572715 7
21.698355729464936 39.84507504111813 2
10.227134140106648 27.99537666040628 1
10.432674354382742 3.360684573247813 5
26.900427706515284 0.2300494161107225 13
39.01354508022284 47.8004435954105 18
40.33893743928766 39.24126204838047 16
34.716636547613675 0.4639445658678576 15
26.13834977163939 13.552597084017382 1
38.37265292393841 21.967154631221476 6
24.286990188611814 9.90358705602048 7
23.219742637369727 16.213328310760033 13
42.358542650043944 41.1069891181629 13
9.097951794004727 45.52150465901085 18
36.992365279413576 15.581206670706665 14
